Time	Watts	Volts	Amps	WattHrs	Cost	Avg Kwh	Mo Cost	Max Wts	Max Vlt	Max Amp	Min Wts	Min Vlt	Min Amp	Pwr Fct	Dty Cyc	Pwr Cyc

0.00000000	9.80	118.900	0.086	0.00	0.000	6.70	67.029	9.80	118.90	0.087	9.80	118.600	0.085	94.0	100.0	0.0	60.0	10.400
0.00011574	9.80	118.900	0.085	0.00	0.000	6.70	67.006	9.80	118.90	0.087	9.70	118.700	0.085	97.0	100.0	0.0	60.0	10.100
0.00023148	9.80	118.700	0.085	0.00	0.000	6.70	66.956	9.80	118.90	0.086	9.70	118.300	0.084	97.0	100.0	0.0	60.0	10.100
0.00034722	9.80	118.700	0.085	0.10	0.001	6.70	66.988	9.80	118.80	0.086	9.70	118.600	0.085	97.0	100.0	0.0	60.0	10.100
0.00046296	9.80	118.600	0.085	0.10	0.001	6.70	66.959	9.80	118.80	0.087	9.70	118.500	0.085	97.0	100.0	0.0	60.0	10.100
0.00057870	9.80	118.800	0.086	0.10	0.001	6.70	66.981	9.80	118.90	0.086	9.70	118.500	0.085	97.0	100.0	0.0	60.0	10.100
0.00069444	9.80	118.700	0.086	0.10	0.002	6.70	67.046	9.80	118.90	0.087	9.70	118.600	0.085	94.0	100.0	0.0	60.0	10.400
0.00081019	9.80	118.700	0.085	0.20	0.002	6.70	66.977	9.80	118.90	0.086	9.70	118.600	0.085	94.0	100.0	0.0	60.0	10.400
0.00092593	9.80	118.800	0.086	0.20	0.002	6.70	66.976	9.80	118.90	0.086	9.70	118.600	0.085	97.0	100.0	0.0	59.9	10.100
0.00104167	9.80	118.900	0.086	0.20	0.002	6.71	67.050	9.80	118.90	0.087	9.70	118.700	0.084	97.0	100.0	0.0	60.0	10.100
0.00115741	9.70	118.800	0.086	0.20	0.003	6.70	66.986	9.80	118.90	0.086	9.70	118.600	0.085	93.0	100.0	0.0	60.0	10.400
0.00127315	9.80	118.800	0.085	0.30	0.003	6.70	66.984	9.80	118.90	0.086	9.70	118.600	0.085	97.0	100.0	0.0	59.9	10.100
0.00138889	9.80	118.800	0.086	0.30	0.003	6.70	66.994	9.80	118.90	0.086	9.70	118.600	0.085	94.0	100.0	0.0	60.0	10.400
0.00150463	9.80	118.900	0.086	0.30	0.003	6.70	66.992	9.80	118.90	0.087	9.70	118.700	0.085	94.0	100.0	0.0	60.0	10.400
0.00162037	9.80	118.800	0.086	0.30	0.004	6.70	66.999	9.80	118.90	0.087	9.70	118.700	0.085	97.0	100.0	0.0	60.0	10.100
0.00173611	9.80	118.900	0.085	0.40	0.004	6.70	66.997	9.80	119.00	0.087	9.70	118.700	0.085	94.0	100.0	0.0	60.1	10.400
0.00185185	9.80	118.800	0.086	0.40	0.004	6.70	67.003	9.80	119.00	0.087	9.70	118.700	0.085	94.0	100.0	0.0	60.1	10.400
0.00196759	9.80	118.800	0.086	0.40	0.004	6.70	67.009	9.80	119.00	0.086	9.80	118.700	0.084	97.0	100.0	0.0	60.1	10.100
0.00208333	9.70	118.700	0.086	0.40	0.005	6.70	67.007	9.80	118.90	0.087	9.70	118.300	0.085	93.0	100.0	0.0	60.1	10.400
0.00219907	9.80	118.800	0.085	0.50	0.005	6.70	67.012	9.80	118.90	0.087	9.70	118.600	0.085	94.0	100.0	0.0	60.0	10.400
0.00231481	9.80	118.800	0.086	0.50	0.005	6.70	67.034	9.80	118.90	0.086	9.70	118.600	0.085	97.0	100.0	0.0	60.0	10.100
0.00243056	9.70	118.800	0.086	0.50	0.005	6.70	67.001	9.80	118.90	0.086	9.70	118.600	0.085	93.0	100.0	0.0	60.0	10.400
0.00254630	9.80	118.900	0.086	0.60	0.006	6.70	67.006	9.80	118.90	0.086	9.70	118.700	0.085	97.0	100.0	0.0	60.0	10.100
0.00266204	9.80	118.800	0.086	0.60	0.006	6.70	67.010	9.80	118.90	0.086	9.80	118.700	0.085	97.0	100.0	0.0	60.0	10.100
0.00277778	9.80	118.400	0.085	0.60	0.006	6.70	67.029	9.80	118.90	0.086	9.70	118.300	0.085	97.0	100.0	0.0	60.0	10.100
0.00289352	9.80	118.800	0.085	0.60	0.006	6.70	67.032	9.80	118.90	0.087	9.70	118.400	0.085	94.0	100.0	0.0	60.0	10.400
0.00300926	9.70	118.900	0.085	0.70	0.007	6.70	67.005	9.80	118.90	0.087	9.70	118.700	0.084	93.0	100.0	0.0	60.0	10.400
0.00312500	9.80	118.800	0.085	0.70	0.007	6.70	67.009	9.80	118.90	0.086	9.70	118.600	0.085	97.0	100.0	0.0	60.0	10.100
0.00324074	9.80	118.800	0.085	0.70	0.007	6.70	67.012	9.80	119.00	0.086	9.70	118.700	0.085	94.0	100.0	0.0	60.0	10.400
0.00335648	9.70	118.900	0.085	0.70	0.007	6.70	67.011	9.80	119.00	0.086	9.70	118.700	0.085	96.0	100.0	0.0	60.0	10.100
0.00347222	9.80	118.800	0.085	0.80	0.008	6.70	67.014	9.80	119.00	0.086	9.70	118.700	0.085	97.0	100.0	0.0	59.9	10.100
0.00358796	9.80	118.900	0.085	0.80	0.008	6.70	67.017	9.80	119.00	0.086	9.80	118.700	0.085	94.0	100.0	0.0	60.0	10.400
0.00370370	9.80	118.900	0.086	0.80	0.008	6.70	67.020	9.80	119.00	0.086	9.70	118.800	0.085	97.0	100.0	0.0	60.0	10.100
0.00381944	9.80	118.800	0.085	0.80	0.008	6.70	67.018	9.80	119.00	0.086	9.80	118.500	0.084	94.0	100.0	0.0	60.0	10.400
0.00393519	9.80	118.700	0.086	0.90	0.009	6.70	67.021	9.80	118.90	0.086	9.70	118.500	0.085	97.0	100.0	0.0	60.0	10.100
0.00405093	9.80	118.800	0.085	0.90	0.009	6.70	67.033	9.80	118.80	0.086	9.70	118.600	0.084	97.0	100.0	0.0	59.9	10.100
0.00416667	9.70	118.700	0.086	0.90	0.009	6.70	67.014	9.80	118.90	0.086	9.70	118.500	0.085	96.0	100.0	0.0	60.0	10.100
0.00428241	9.80	118.900	0.086	0.90	0.010	6.70	67.016	9.80	119.00	0.086	9.70	118.500	0.084	94.0	100.0	0.0	60.0	10.400
0.00439815	9.80	119.100	0.086	1.00	0.010	6.70	67.019	9.80	119.10	0.086	9.80	118.800	0.085	97.0	100.0	0.0	60.0	10.100
0.00451389	9.80	119.100	0.085	1.00	0.010	6.70	67.024	9.80	119.10	0.086	9.80	118.900	0.084	97.0	100.0	0.0	60.0	10.100
0.00462963	9.80	119.200	0.085	1.00	0.010	6.70	67.030	9.80	119.30	0.087	9.80	118.800	0.085	94.0	100.0	0.0	60.0	10.400
0.00474537	9.80	119.100	0.085	1.10	0.011	6.70	67.035	9.80	119.20	0.086	9.80	119.000	0.084	97.0	100.0	0.0	60.0	10.100
0.00486111	9.80	119.200	0.086	1.10	0.011	6.71	67.056	9.90	119.30	0.087	9.80	119.000	0.085	97.0	100.0	0.0	60.0	10.100
0.00497685	9.80	119.200	0.086	1.10	0.011	6.70	67.045	9.90	119.30	0.087	9.80	119.000	0.085	94.0	100.0	0.0	60.0	10.400
0.00509259	9.80	119.100	0.085	1.10	0.011	6.71	67.053	9.90	119.30	0.086	9.80	119.100	0.085	94.0	100.0	0.0	60.0	10.400
0.00520833	9.90	119.100	0.085	1.20	0.012	6.71	67.058	9.90	119.30	0.086	9.80	118.600	0.085	95.0	100.0	0.0	60.0	10.400
0.00532407	9.80	119.000	0.086	1.20	0.012	6.71	67.059	9.90	119.20	0.086	9.80	118.900	0.085	97.0	100.0	0.0	60.0	10.100
0.00543981	9.80	119.200	0.086	1.20	0.012	6.71	67.077	9.90	119.30	0.086	9.80	118.900	0.084	97.0	100.0	0.0	60.0	10.100
0.00555556	9.80	119.400	0.086	1.20	0.012	6.71	67.067	9.90	119.40	0.086	9.80	119.000	0.085	97.0	100.0	0.0	60.0	10.100
0.00567130	9.80	119.400	0.086	1.30	0.013	6.71	67.071	9.90	119.40	0.086	9.80	119.200	0.084	97.0	100.0	0.0	60.1	10.100
0.00578704	9.90	119.300	0.086	1.30	0.013	6.71	67.074	9.90	119.40	0.086	9.80	119.200	0.085	95.0	100.0	0.0	60.1	10.400
0.00590278	9.80	119.300	0.086	1.30	0.013	6.71	67.080	9.90	119.40	0.086	9.80	119.100	0.085	97.0	100.0	0.0	60.1	10.100
0.00601852	9.90	119.300	0.085	1.30	0.013	6.71	67.086	9.90	119.40	0.086	9.80	119.100	0.085	98.0	100.0	0.0	60.0	10.100
0.00613426	9.90	119.200	0.086	1.40	0.014	6.71	67.102	9.90	119.40	0.086	9.80	119.200	0.085	95.0	100.0	0.0	60.0	10.400
0.00625000	9.80	119.300	0.085	1.40	0.014	6.71	67.095	9.90	119.40	0.086	9.80	119.100	0.085	94.0	100.0	0.0	60.0	10.400
0.00636574	9.80	119.300	0.085	1.40	0.014	6.71	67.098	9.90	119.40	0.086	9.80	119.100	0.085	94.0	100.0	0.0	60.0	10.400
0.00648148	9.80	119.300	0.086	1.40	0.014	6.71	67.104	9.90	119.40	0.086	9.80	119.100	0.085	94.0	100.0	0.0	60.1	10.400
0.00659722	9.80	119.300	0.085	1.50	0.015	6.71	67.118	9.90	119.40	0.086	9.80	119.200	0.084	94.0	100.0	0.0	60.1	10.400
0.00671296	9.90	119.200	0.085	1.50	0.015	6.71	67.109	9.90	119.40	0.086	9.80	119.100	0.084	95.0	100.0	0.0	60.1	10.400
0.00682870	9.80	119.300	0.085	1.50	0.015	6.71	67.114	9.90	119.40	0.086	9.80	119.100	0.085	94.0	100.0	0.0	60.1	10.400
0.00694444	9.80	119.200	0.085	1.50	0.016	6.71	67.116	9.90	119.40	0.086	9.80	119.100	0.084	94.0	100.0	0.0	60.1	10.400
0.00706019	9.80	119.000	0.085	1.60	0.016	6.71	67.118	9.90	119.30	0.086	9.80	118.800	0.084	94.0	100.0	0.0	60.1	10.400
0.00717593	9.80	119.100	0.085	1.60	0.016	6.71	67.129	9.90	119.20	0.086	9.80	118.900	0.084	94.0	100.0	0.0	60.1	10.400
0.00729167	9.80	119.100	0.086	1.60	0.016	6.71	67.131	9.80	119.20	0.087	9.80	118.900	0.084	94.0	100.0	0.0	60.1	10.400
0.00740741	9.80	119.100	0.084	1.70	0.017	6.71	67.130	9.90	119.20	0.086	9.80	119.000	0.084	97.0	100.0	0.0	60.1	10.100
0.00752315	9.80	119.300	0.085	1.70	0.017	6.71	67.124	9.90	119.30	0.086	9.80	119.000	0.084	97.0	100.0	0.0	60.1	10.100
0.00763889	9.90	119.200	0.084	1.70	0.017	6.71	67.126	9.90	119.40	0.086	9.80	119.000	0.084	95.0	100.0	0.0	60.1	10.400
0.00775463	9.80	119.200	0.085	1.70	0.017	6.71	67.128	9.90	119.40	0.086	9.80	119.100	0.084	97.0	100.0	0.0	60.1	10.100
0.00787037	9.80	119.200	0.085	1.80	0.018	6.71	67.130	9.90	119.30	0.087	9.80	119.100	0.085	97.0	100.0	0.0	60.1	10.100
0.00798611	9.80	119.300	0.086	1.80	0.018	6.71	67.132	9.90	119.30	0.086	9.80	119.000	0.084	94.0	100.0	0.0	60.1	10.400
0.00810185	9.80	119.200	0.086	1.80	0.018	6.71	67.134	9.90	119.30	0.086	9.80	119.100	0.085	94.0	100.0	0.0	60.0	10.400
0.00821759	9.80	119.400	0.085	1.80	0.018	6.71	67.138	9.90	119.40	0.086	9.80	119.100	0.085	97.0	100.0	0.0	60.0	10.100
0.00833333	9.80	119.200	0.085	1.90	0.019	6.71	67.137	9.90	119.40	0.086	9.80	119.000	0.085	94.0	100.0	0.0	60.1	10.400
0.00844907	9.90	119.200	0.086	1.90	0.019	6.71	67.139	9.90	119.30	0.086	9.80	119.000	0.085	98.0	100.0	0.0	59.9	10.100
0.00856481	9.80	119.200	0.085	1.90	0.019	6.71	67.140	9.90	119.30	0.087	9.80	119.100	0.085	94.0	100.0	0.0	60.0	10.400
0.00868056	9.80	119.200	0.086	1.90	0.019	6.71	67.140	9.90	119.30	0.086	9.80	119.100	0.085	94.0	100.0	0.0	60.0	10.400
0.00879630	9.90	119.200	0.085	2.00	0.020	6.71	67.141	9.90	119.40	0.086	9.80	119.100	0.085	98.0	100.0	0.0	60.0	10.100
0.00891204	9.90	119.300	0.085	2.00	0.020	6.71	67.143	9.90	119.40	0.087	9.80	119.100	0.085	95.0	100.0	0.0	60.1	10.400
0.00902778	9.80	119.200	0.086	2.00	0.020	6.71	67.144	9.90	119.30	0.086	9.80	118.800	0.085	94.0	100.0	0.0	60.1	10.400
0.00914352	9.90	119.100	0.085	2.00	0.020	6.71	67.144	9.90	119.30	0.087	9.80	119.000	0.084	98.0	100.0	0.0	60.1	10.100
0.00925926	9.80	119.200	0.084	2.10	0.021	6.71	67.145	9.90	119.30	0.086	9.80	119.000	0.084	94.0	100.0	0.0	60.1	10.400
0.00937500	9.90	119.300	0.085	2.10	0.021	6.71	67.155	9.90	119.40	0.086	9.80	119.000	0.084	95.0	100.0	0.0	60.1	10.400
0.00949074	9.80	119.200	0.085	2.10	0.021	6.71	67.146	9.90	119.40	0.086	9.80	119.100	0.084	94.0	100.0	0.0	60.1	10.400
0.00960648	9.80	119.300	0.085	2.10	0.021	6.71	67.149	9.90	119.40	0.086	9.80	119.100	0.085	94.0	100.0	0.0	60.1	10.400
0.00972222	9.80	119.200	0.085	2.20	0.022	6.71	67.151	9.90	119.40	0.086	9.80	119.000	0.084	94.0	100.0	0.0	60.1	10.400
0.00983796	9.80	119.300	0.085	2.20	0.022	6.71	67.154	9.90	119.40	0.086	9.80	119.100	0.085	94.0	100.0	0.0	60.1	10.400
0.00995370	9.80	119.300	0.085	2.20	0.022	6.71	67.155	9.90	119.40	0.086	9.80	119.100	0.085	97.0	100.0	0.0	60.1	10.100
0.01006944	9.80	119.300	0.085	2.20	0.023	6.71	67.156	9.90	119.30	0.086	9.80	119.000	0.085	97.0	100.0	0.0	60.1	10.100
0.01018519	9.90	119.200	0.086	2.30	0.023	6.71	67.157	9.90	119.40	0.087	9.80	119.100	0.085	95.0	100.0	0.0	60.1	10.400
0.01030093	9.80	119.300	0.085	2.30	0.023	6.71	67.158	9.90	119.40	0.087	9.80	119.100	0.085	94.0	100.0	0.0	60.1	10.400
0.01041667	9.80	119.300	0.085	2.30	0.023	6.71	67.159	9.90	119.40	0.087	9.80	119.100	0.085	97.0	100.0	0.0	60.1	10.100
0.01053241	9.80	119.100	0.086	2.30	0.024	6.72	67.160	9.90	119.30	0.087	9.80	118.800	0.085	97.0	100.0	0.0	60.1	10.100
0.01064815	9.80	119.200	0.086	2.40	0.024	6.72	67.160	9.90	119.30	0.087	9.80	119.000	0.085	94.0	100.0	0.0	60.1	10.400
0.01076389	9.80	119.100	0.085	2.40	0.024	6.72	67.168	9.90	119.30	0.087	9.80	119.000	0.085	94.0	100.0	0.0	60.1	10.400
0.01087963	9.80	119.200	0.086	2.40	0.024	6.72	67.167	9.90	119.40	0.087	9.80	119.000	0.085	94.0	100.0	0.0	60.1	10.400
0.01099537	9.80	119.400	0.086	2.40	0.025	6.73	67.320	9.90	119.40	0.086	9.80	118.600	0.085	94.0	100.0	0.0	60.1	10.400
0.01111111	9.90	119.200	0.086	2.50	0.025	6.72	67.165	9.90	119.40	0.087	9.80	119.000	0.085	98.0	99.0	0.0	60.1	10.100
0.01122685	9.80	119.200	0.085	2.50	0.025	6.72	67.164	9.90	119.30	0.087	9.80	118.700	0.085	97.0	99.0	0.0	60.1	10.100
0.01134259	9.80	119.200	0.086	2.50	0.025	6.72	67.172	9.90	119.30	0.086	9.80	119.000	0.085	94.0	99.0	0.0	60.1	10.400
0.01145833	9.80	119.100	0.086	2.60	0.026	6.72	67.165	9.90	119.30	0.086	9.80	119.000	0.085	94.0	99.0	0.0	60.0	10.400
0.01157407	9.80	119.100	0.086	2.60	0.026	6.72	67.165	9.90	119.30	0.086	9.80	119.000	0.085	97.0	99.0	0.0	60.0	10.100
0.01168981	9.80	119.300	0.086	2.60	0.026	6.72	67.166	9.90	119.30	0.087	9.80	119.100	0.085	94.0	99.0	0.0	60.0	10.400
0.01180556	9.80	119.300	0.085	2.60	0.026	6.72	67.167	9.90	119.30	0.086	9.80	119.000	0.085	94.0	99.0	0.0	60.0	10.400
0.01192130	9.90	119.200	0.085	2.70	0.027	6.72	67.175	9.90	119.30	0.086	9.80	119.100	0.085	98.0	99.0	0.0	60.0	10.100
0.01203704	9.90	119.200	0.085	2.70	0.027	6.72	67.169	9.90	119.30	0.086	9.80	119.000	0.084	98.0	99.0	0.0	60.0	10.100
0.01215278	9.80	119.200	0.085	2.70	0.027	6.72	67.170	9.90	119.30	0.086	9.80	119.000	0.084	97.0	99.0	0.0	60.0	10.100
0.01226852	9.90	119.100	0.085	2.70	0.027	6.72	67.169	9.90	119.20	0.086	9.80	118.700	0.084	95.0	99.0	0.0	60.0	10.400
0.01238426	9.80	119.000	0.085	2.80	0.028	6.72	67.170	9.90	119.20	0.086	9.80	118.900	0.084	97.0	99.0	0.0	59.9	10.100
0.01250000	9.80	119.100	0.086	2.80	0.028	6.72	67.174	9.80	119.10	0.086	9.80	118.900	0.085	94.0	99.0	0.0	60.0	10.400
0.01261574	9.80	119.200	0.085	2.80	0.028	6.72	67.169	9.80	119.20	0.086	9.80	119.000	0.084	94.0	99.0	0.0	60.0	10.400
0.01273148	9.90	119.200	0.086	2.80	0.029	6.73	67.323	9.90	119.20	0.086	9.80	118.900	0.085	98.0	100.0	0.0	60.0	10.100
0.01284722	9.80	119.100	0.086	2.90	0.029	6.72	67.169	9.90	119.20	0.086	9.80	118.900	0.085	97.0	99.0	0.0	60.0	10.100
0.01296296	9.80	119.200	0.085	2.90	0.029	6.72	67.170	9.90	119.20	0.087	9.80	119.000	0.084	97.0	99.0	0.0	60.0	10.100
0.01307870	9.80	119.200	0.086	2.90	0.029	6.72	67.177	9.90	119.30	0.086	9.80	119.000	0.084	94.0	99.0	0.0	60.0	10.400
0.01319444	9.80	119.100	0.085	2.90	0.030	6.72	67.172	9.90	119.30	0.086	9.80	119.000	0.085	94.0	99.0	0.0	60.0	10.400
0.01331019	9.80	119.100	0.086	3.00	0.030	6.72	67.178	9.90	119.20	0.086	9.80	119.000	0.085	97.0	99.0	0.0	59.9	10.100
0.01342593	9.80	119.200	0.086	3.00	0.030	6.72	67.172	9.90	119.20	0.086	9.80	119.000	0.085	94.0	99.0	0.0	60.0	10.400
0.01354167	9.80	119.100	0.086	3.00	0.030	6.72	67.173	9.90	119.20	0.086	9.80	119.000	0.085	94.0	99.0	0.0	60.0	10.400
0.01365741	9.80	119.000	0.086	3.00	0.031	6.72	67.172	9.80	119.20	0.086	9.80	118.900	0.085	94.0	99.0	0.0	59.9	10.400
0.01377315	9.80	119.000	0.085	3.10	0.031	6.72	67.177	9.90	119.20	0.086	9.80	118.900	0.085	94.0	99.0	0.0	60.0	10.400
0.01388889	9.80	119.000	0.085	3.10	0.031	6.72	67.171	9.90	119.20	0.086	9.80	118.800	0.084	97.0	99.0	0.0	60.0	10.100
0.01400463	9.80	119.100	0.085	3.10	0.031	6.72	67.172	9.90	119.20	0.086	9.80	119.000	0.085	94.0	99.0	0.0	60.0	10.400
0.01412037	9.80	119.100	0.085	3.10	0.032	6.72	67.178	9.90	119.20	0.086	9.80	119.000	0.085	94.0	99.0	0.0	60.0	10.400
0.01423611	9.80	119.100	0.086	3.20	0.032	6.72	67.172	9.90	119.20	0.086	9.80	119.000	0.085	94.0	99.0	0.0	60.0	10.400
0.01435185	9.80	119.200	0.085	3.20	0.032	6.72	67.173	9.90	119.20	0.086	9.80	118.900	0.085	97.0	99.0	0.0	59.9	10.100
0.01446759	9.80	119.100	0.085	3.20	0.032	6.72	67.172	9.80	119.20	0.086	9.80	118.600	0.085	97.0	99.0	0.0	59.9	10.100
0.01458333	9.80	119.100	0.086	3.20	0.033	6.72	67.172	9.90	119.10	0.086	9.80	118.900	0.085	94.0	99.0	0.0	60.0	10.400
0.01469907	9.80	119.100	0.086	3.30	0.033	6.72	67.176	9.80	119.20	0.086	9.80	118.900	0.084	97.0	99.0	0.0	60.0	10.100
0.01481481	9.80	119.100	0.085	3.30	0.033	6.72	67.171	9.80	119.20	0.086	9.80	118.900	0.084	97.0	99.0	0.0	60.0	10.100
0.01493056	9.80	119.100	0.085	3.30	0.033	6.72	67.170	9.90	119.20	0.086	9.80	119.000	0.085	94.0	99.0	0.0	60.0	10.400
0.01504630	9.80	119.100	0.086	3.40	0.034	6.72	67.171	9.80	119.20	0.086	9.80	118.700	0.084	94.0	99.0	0.0	60.0	10.400
0.01516204	9.80	119.200	0.086	3.40	0.034	6.72	67.172	9.80	119.20	0.086	9.80	119.000	0.085	97.0	99.0	0.0	60.0	10.100
0.01527778	9.80	119.200	0.085	3.40	0.034	6.72	67.171	9.90	119.30	0.086	9.80	119.000	0.084	97.0	99.0	0.0	60.0	10.100
0.01539352	9.80	119.300	0.085	3.40	0.034	6.72	67.177	9.90	119.30	0.086	9.80	119.000	0.085	94.0	99.0	0.0	60.1	10.400
0.01550926	9.80	119.300	0.085	3.50	0.035	6.72	67.172	9.90	119.30	0.086	9.80	119.100	0.085	94.0	99.0	0.0	60.1	10.400
0.01562500	9.90	119.200	0.085	3.50	0.035	6.72	67.173	9.90	119.30	0.086	9.80	119.100	0.085	95.0	99.0	0.0	60.1	10.400
0.01574074	9.90	119.200	0.086	3.50	0.035	6.72	67.178	9.90	119.30	0.086	9.80	119.100	0.085	95.0	99.0	0.0	60.1	10.400
0.01585648	9.80	119.200	0.085	3.50	0.035	6.72	67.173	9.90	119.30	0.086	9.80	119.100	0.085	97.0	99.0	0.0	60.0	10.100
0.01597222	9.80	119.100	0.085	3.60	0.036	6.72	67.174	9.90	119.30	0.086	9.80	118.800	0.084	97.0	99.0	0.0	60.0	10.100
0.01608796	9.80	119.100	0.085	3.60	0.036	6.72	67.173	9.80	119.20	0.086	9.80	118.900	0.084	97.0	99.0	0.0	60.0	10.100
0.01620370	9.80	119.100	0.085	3.60	0.036	6.72	67.173	9.90	119.20	0.086	9.80	119.000	0.085	97.0	99.0	0.0	60.0	10.100
0.01631944	9.80	119.100	0.085	3.60	0.037	6.72	67.177	9.80	119.20	0.086	9.80	118.900	0.085	94.0	99.0	0.0	60.0	10.400
0.01643519	9.80	119.200	0.085	3.70	0.037	6.72	67.172	9.90	119.30	0.086	9.80	119.000	0.084	94.0	99.0	0.0	59.9	10.400
0.01655093	9.80	119.200	0.085	3.70	0.037	6.72	67.173	9.90	119.30	0.086	9.80	119.000	0.084	97.0	99.0	0.0	59.9	10.100
0.01666667	9.80	119.100	0.086	3.70	0.037	6.72	67.172	9.90	119.30	0.086	9.80	119.000	0.085	97.0	99.0	0.0	60.0	10.100
0.01678241	9.80	119.200	0.085	3.70	0.038	6.73	67.328	9.80	119.30	0.086	9.80	119.000	0.085	94.0	99.0	0.0	60.0	10.400
0.01689815	9.80	119.200	0.085	3.80	0.038	6.72	67.172	9.80	119.30	0.086	9.80	119.000	0.085	94.0	99.0	0.0	59.9	10.400
0.01701389	9.90	119.200	0.085	3.80	0.038	6.72	67.178	9.90	119.30	0.086	9.80	119.000	0.085	98.0	99.0	0.0	59.9	10.100
0.01712963	9.80	119.300	0.086	3.80	0.038	6.72	67.174	9.90	119.30	0.086	9.80	119.100	0.084	94.0	99.0	0.0	60.0	10.400
0.01724537	9.80	119.300	0.085	3.80	0.039	6.72	67.173	9.90	119.40	0.086	9.80	119.100	0.085	97.0	99.0	0.0	60.0	10.100
0.01736111	9.80	119.200	0.085	3.90	0.039	6.72	67.174	9.90	119.40	0.086	9.80	119.000	0.084	94.0	99.0	0.0	60.1	10.400
0.01747685	9.90	119.200	0.085	3.90	0.039	6.72	67.174	9.90	119.30	0.086	9.80	118.900	0.084	95.0	99.0	0.0	60.1	10.400
0.01759259	9.80	119.100	0.085	3.90	0.039	6.72	67.175	9.90	119.30	0.086	9.80	118.600	0.084	97.0	99.0	0.0	60.1	10.100
0.01770833	9.80	119.200	0.085	3.90	0.040	6.72	67.174	9.80	119.20	0.086	9.80	118.900	0.084	97.0	99.0	0.0	60.1	10.100
0.01782407	9.80	119.100	0.085	4.00	0.040	6.72	67.174	9.80	119.20	0.086	9.80	119.000	0.084	94.0	99.0	0.0	60.1	10.400
0.01793981	9.80	119.200	0.086	4.00	0.040	6.72	67.174	9.90	119.30	0.086	9.80	119.000	0.084	97.0	99.0	0.0	60.1	10.100
0.01805556	9.80	119.300	0.085	4.00	0.040	6.72	67.174	9.90	119.30	0.086	9.80	119.100	0.085	97.0	99.0	0.0	60.1	10.100
0.01817130	9.80	119.200	0.086	4.10	0.041	6.72	67.175	9.90	119.30	0.086	9.80	119.100	0.084	94.0	99.0	0.0	60.1	10.400
0.01828704	9.90	119.200	0.085	4.10	0.041	6.73	67.328	9.90	119.30	0.086	9.80	119.100	0.085	95.0	99.0	0.0	60.1	10.400
0.01840278	9.80	119.300	0.085	4.10	0.041	6.72	67.175	9.90	119.30	0.086	9.80	119.000	0.085	97.0	99.0	0.0	60.1	10.100
0.01851852	9.80	119.100	0.085	4.10	0.041	6.72	67.175	9.90	119.40	0.086	9.80	119.100	0.085	94.0	99.0	0.0	60.1	10.400
0.01863426	9.80	119.300	0.085	4.20	0.042	6.73	67.331	9.90	119.40	0.086	9.80	118.600	0.084	94.0	99.0	0.0	60.1	10.400
0.01875000	9.80	119.300	0.085	4.20	0.042	6.72	67.177	9.90	119.40	0.086	9.80	119.200	0.084	94.0	99.0	0.0	60.1	10.400
0.01886574	9.80	119.300	0.085	4.20	0.042	6.72	67.181	9.90	119.40	0.086	9.80	119.100	0.085	94.0	99.0	0.0	60.1	10.400
0.01898148	9.80	119.400	0.085	4.30	0.043	6.72	67.182	9.90	119.40	0.086	9.80	119.200	0.085	97.0	99.0	0.0	60.1	10.100
0.01909722	9.80	119.100	0.086	4.30	0.043	6.72	67.177	9.90	119.40	0.086	9.80	118.800	0.084	94.0	99.0	0.0	60.1	10.400
0.01921296	9.80	119.000	0.085	4.30	0.043	6.72	67.181	9.80	119.20	0.086	9.80	119.000	0.084	94.0	99.0	0.0	60.0	10.400
0.01932870	9.80	119.000	0.086	4.30	0.043	6.72	67.176	9.80	119.20	0.086	9.80	118.900	0.084	97.0	99.0	0.0	60.0	10.100
0.01944444	9.80	119.100	0.086	4.40	0.044	6.72	67.176	9.80	119.20	0.087	9.80	118.900	0.085	94.0	99.0	0.0	60.1	10.400
0.01956019	9.80	119.100	0.085	4.40	0.044	6.72	67.175	9.80	119.30	0.087	9.80	118.600	0.084	97.0	99.0	0.0	60.1	10.100
0.01967593	9.80	119.200	0.086	4.40	0.044	6.72	67.175	9.80	119.30	0.087	9.80	119.000	0.085	94.0	99.0	0.0	60.1	10.400
0.01979167	9.80	119.100	0.085	4.40	0.044	6.72	67.175	9.80	119.30	0.086	9.80	119.000	0.085	94.0	98.0	0.0	60.1	10.400
0.01990741	9.80	119.100	0.086	4.50	0.045	6.72	67.175	9.90	119.30	0.087	9.80	119.000	0.085	94.0	98.0	0.0	60.1	10.400
0.02002315	9.80	119.100	0.085	4.50	0.045	6.72	67.179	9.90	119.30	0.087	9.80	119.000	0.085	94.0	98.0	0.0	60.0	10.400
0.02013889	9.90	119.200	0.085	4.50	0.045	6.72	67.175	9.90	119.20	0.086	9.80	118.900	0.085	95.0	98.0	0.0	60.0	10.400
0.02025463	9.80	119.200	0.085	4.50	0.045	6.72	67.175	9.90	119.30	0.086	9.80	119.000	0.085	97.0	98.0	0.0	60.0	10.100
0.02037037	9.80	119.200	0.085	4.60	0.046	6.72	67.175	9.90	119.20	0.086	9.80	119.000	0.084	97.0	98.0	0.0	60.0	10.100
0.02048611	9.90	119.100	0.085	4.60	0.046	6.72	67.175	9.90	119.20	0.086	9.80	119.000	0.085	98.0	98.0	0.0	59.9	10.100
0.02060185	9.80	118.900	0.085	4.60	0.046	6.72	67.176	9.90	119.20	0.086	9.80	118.600	0.084	94.0	99.0	0.0	60.0	10.400
0.02071759	9.80	119.000	0.086	4.60	0.046	6.72	67.175	9.80	119.10	0.086	9.80	118.800	0.084	97.0	99.0	0.0	60.0	10.100
0.02083333	9.80	118.900	0.085	4.70	0.047	6.72	67.173	9.80	119.10	0.086	9.80	118.800	0.084	94.0	99.0	0.0	59.9	10.400
0.02094907	9.80	119.100	0.085	4.70	0.047	6.72	67.174	9.80	119.10	0.086	9.80	118.800	0.085	97.0	99.0	0.0	59.9	10.100
0.02106481	9.80	119.100	0.085	4.70	0.047	6.72	67.174	9.80	119.20	0.086	9.80	118.900	0.085	97.0	99.0	0.0	59.9	10.100
0.02118056	9.80	119.100	0.086	4.70	0.047	6.72	67.177	9.80	119.20	0.086	9.80	118.900	0.085	97.0	99.0	0.0	60.0	10.100
0.02129630	9.80	119.100	0.085	4.80	0.048	6.72	67.177	9.90	119.20	0.087	9.80	119.000	0.085	94.0	99.0	0.0	60.0	10.400
0.02141204	9.80	119.100	0.085	4.80	0.048	6.72	67.173	9.90	119.20	0.086	9.80	118.900	0.085	97.0	99.0	0.0	60.0	10.100
0.02152778	9.80	119.200	0.085	4.80	0.048	6.72	67.174	9.80	119.20	0.086	9.80	118.900	0.084	97.0	99.0	0.0	60.0	10.100
0.02164352	9.80	119.200	0.086	4.80	0.049	6.72	67.174	9.90	119.20	0.086	9.80	119.000	0.084	97.0	99.0	0.0	60.0	10.100
0.02175926	9.80	119.200	0.085	4.90	0.049	6.72	67.174	9.90	119.20	0.086	9.80	118.900	0.084	97.0	99.0	0.0	60.0	10.100
0.02187500	9.90	119.200	0.086	4.90	0.049	6.72	67.174	9.90	119.20	0.086	9.80	119.000	0.084	98.0	99.0	0.0	60.0	10.100
0.02199074	9.80	119.200	0.085	4.90	0.049	6.72	67.174	9.90	119.20	0.086	9.80	118.900	0.084	97.0	99.0	0.0	60.0	10.100
0.02210648	9.80	119.000	0.085	4.90	0.050	6.72	67.174	9.90	119.20	0.086	9.80	118.600	0.084	97.0	99.0	0.0	60.0	10.100
0.02222222	9.80	119.100	0.085	5.00	0.050	6.72	67.174	9.90	119.10	0.086	9.80	118.900	0.084	94.0	99.0	0.0	60.1	10.400
0.02233796	9.80	119.000	0.085	5.00	0.050	6.72	67.174	9.80	119.10	0.086	9.80	118.900	0.084	94.0	99.0	0.0	60.1	10.400
0.02245370	9.80	119.100	0.086	5.00	0.050	6.72	67.173	9.80	119.20	0.086	9.80	118.900	0.084	94.0	99.0	0.0	60.1	10.400
0.02256944	9.80	119.200	0.085	5.10	0.051	6.72	67.173	9.90	119.30	0.086	9.80	119.000	0.084	94.0	99.0	0.0	60.1	10.400
0.02268519	9.80	119.100	0.085	5.10	0.051	6.72	67.173	9.90	119.30	0.086	9.80	119.000	0.084	97.0	99.0	0.0	60.1	10.100
0.02280093	9.80	119.200	0.086	5.10	0.051	6.72	67.173	9.90	119.30	0.086	9.80	118.900	0.085	94.0	99.0	0.0	60.0	10.400
0.02291667	9.80	119.200	0.085	5.10	0.051	6.72	67.173	9.90	119.30	0.086	9.80	119.000	0.084	94.0	99.0	0.0	60.0	10.400
0.02303241	9.80	119.200	0.086	5.20	0.052	6.72	67.173	9.80	119.20	0.086	9.80	118.500	0.085	97.0	99.0	0.0	59.9	10.100
0.02314815	9.80	119.100	0.086	5.20	0.052	6.72	67.176	9.80	119.20	0.086	9.80	118.800	0.085	97.0	99.0	0.0	60.0	10.100
0.02326389	9.90	119.100	0.085	5.20	0.052	6.72	67.173	9.90	119.20	0.086	9.80	118.900	0.085	98.0	99.0	0.0	60.0	10.100
0.02337963	9.80	119.100	0.085	5.20	0.052	6.72	67.177	9.90	119.20	0.086	9.80	118.800	0.084	97.0	99.0	0.0	60.0	10.100
0.02349537	9.80	119.100	0.086	5.30	0.053	6.72	67.173	9.80	119.20	0.086	9.80	118.900	0.085	97.0	99.0	0.0	60.0	10.100
0.02361111	9.80	119.100	0.085	5.30	0.053	6.72	67.172	9.80	119.10	0.086	9.80	118.900	0.084	97.0	99.0	0.0	60.0	10.100
0.02372685	9.80	119.000	0.085	5.30	0.053	6.72	67.175	9.80	119.10	0.086	9.80	118.900	0.084	97.0	99.0	0.0	60.0	10.100
0.02384259	9.80	119.200	0.085	5.30	0.053	6.72	67.171	9.80	119.20	0.086	9.80	119.000	0.084	97.0	99.0	0.0	60.1	10.100
0.02395833	9.80	119.100	0.085	5.40	0.054	6.72	67.171	9.80	119.20	0.086	9.80	118.800	0.084	97.0	99.0	0.0	60.1	10.100
0.02407407	9.80	118.900	0.086	5.40	0.054	6.72	67.170	9.80	119.20	0.086	9.80	118.700	0.084	94.0	99.0	0.0	60.1	10.400
0.02418981	9.80	119.000	0.085	5.40	0.054	6.72	67.173	9.80	119.00	0.086	9.80	118.800	0.084	97.0	99.0	0.0	60.1	10.100
0.02430556	9.80	119.000	0.085	5.40	0.054	6.72	67.169	9.80	119.00	0.086	9.80	118.800	0.084	94.0	99.0	0.0	60.0	10.400
0.02442130	9.80	119.000	0.085	5.50	0.055	6.72	67.169	9.80	119.10	0.086	9.80	118.800	0.084	97.0	99.0	0.0	60.0	10.100
0.02453704	9.80	119.000	0.085	5.50	0.055	6.72	67.168	9.80	119.10	0.086	9.80	118.900	0.084	97.0	99.0	0.0	59.9	10.100
0.02465278	9.80	119.000	0.085	5.50	0.055	6.72	67.168	9.80	119.10	0.086	9.80	118.800	0.084	97.0	99.0	0.0	59.9	10.100
0.02476852	9.80	119.100	0.085	5.50	0.056	6.72	67.168	9.80	119.10	0.086	9.80	118.900	0.084	94.0	99.0	0.0	59.9	10.400
0.02488426	9.80	119.100	0.085	5.60	0.056	6.72	67.168	9.80	119.10	0.086	9.80	118.800	0.084	97.0	99.0	0.0	59.9	10.100
0.02500000	9.80	119.100	0.085	5.60	0.056	6.72	67.167	9.80	119.10	0.086	9.80	118.900	0.084	97.0	99.0	0.0	60.0	10.100
0.02511574	9.80	118.900	0.086	5.60	0.056	6.72	67.167	9.80	119.10	0.086	9.80	118.500	0.084	97.0	99.0	0.0	60.0	10.100
0.02523148	9.80	119.000	0.085	5.60	0.057	6.72	67.166	9.80	119.00	0.086	9.70	118.800	0.085	97.0	99.0	0.0	59.9	10.100
0.02534722	9.80	119.000	0.086	5.70	0.057	6.72	67.166	9.80	119.00	0.086	9.70	118.700	0.085	97.0	99.0	0.0	60.0	10.100
0.02546296	9.80	119.000	0.086	5.70	0.057	6.72	67.165	9.80	119.00	0.086	9.70	118.800	0.085	97.0	99.0	0.0	59.9	10.100
0.02557870	9.80	119.000	0.085	5.70	0.057	6.72	67.165	9.80	119.00	0.086	9.70	118.800	0.084	94.0	99.0	0.0	60.0	10.400
0.02569444	9.80	119.000	0.085	5.70	0.058	6.72	67.164	9.80	119.10	0.086	9.70	118.800	0.084	97.0	99.0	0.0	60.0	10.100
0.02581019	9.80	119.000	0.085	5.80	0.058	6.72	67.164	9.80	119.10	0.086	9.80	118.800	0.084	97.0	99.0	0.0	60.0	10.100
0.02592593	9.80	119.000	0.085	5.80	0.058	6.72	67.166	9.80	119.10	0.086	9.80	118.900	0.084	97.0	99.0	0.0	60.0	10.100
0.02604167	9.80	118.900	0.086	5.80	0.058	6.72	67.163	9.80	119.10	0.086	9.80	118.800	0.085	94.0	99.0	0.0	60.0	10.400
0.02615741	9.80	119.000	0.085	5.80	0.059	6.72	67.163	9.80	119.10	0.086	9.80	118.900	0.085	94.0	99.0	0.0	60.0	10.400
0.02627315	9.80	119.000	0.086	5.90	0.059	6.72	67.162	9.80	119.10	0.086	9.70	118.800	0.085	97.0	99.0	0.0	60.0	10.100
0.02638889	9.80	119.000	0.085	5.90	0.059	6.72	67.162	9.80	119.10	0.086	9.70	118.500	0.084	94.0	99.0	0.0	60.0	10.400
0.02650463	9.80	119.100	0.085	5.90	0.059	6.72	67.162	9.80	119.10	0.086	9.80	118.900	0.085	97.0	99.0	0.0	60.0	10.100
0.02662037	9.80	119.000	0.086	6.00	0.060	6.72	67.161	9.80	119.10	0.086	9.80	118.900	0.084	97.0	99.0	0.0	60.0	10.100
0.02673611	9.80	119.000	0.085	6.00	0.060	6.72	67.161	9.80	119.10	0.086	9.70	118.900	0.084	97.0	99.0	0.0	60.1	10.100
0.02685185	9.80	119.000	0.085	6.00	0.060	6.72	67.160	9.80	119.10	0.086	9.80	118.900	0.085	94.0	99.0	0.0	60.1	10.400
0.02696759	9.80	119.000	0.086	6.00	0.060	6.71	67.159	9.80	119.10	0.086	9.80	118.900	0.084	97.0	99.0	0.0	60.1	10.100
0.02708333	9.80	118.900	0.085	6.10	0.061	6.72	67.160	9.80	119.10	0.086	9.70	118.800	0.084	97.0	99.0	0.0	60.1	10.100
0.02719907	9.80	119.000	0.085	6.10	0.061	6.72	67.162	9.80	119.10	0.086	9.80	118.800	0.084	97.0	99.0	0.0	60.1	10.100
0.02731481	9.80	119.000	0.085	6.10	0.061	6.71	67.159	9.80	119.10	0.086	9.70	118.900	0.084	97.0	99.0	0.0	60.1	10.100
0.02743056	9.80	119.000	0.085	6.10	0.061	6.71	67.159	9.80	119.10	0.086	9.70	118.800	0.084	97.0	99.0	0.0	60.1	10.100
0.02754630	9.80	119.000	0.085	6.20	0.062	6.72	67.160	9.80	119.10	0.086	9.70	118.500	0.084	97.0	99.0	0.0	60.1	10.100
0.02766204	9.80	118.900	0.085	6.20	0.062	6.71	67.157	9.80	119.00	0.086	9.70	118.700	0.084	97.0	99.0	0.0	60.1	10.100
0.02777778	9.70	118.800	0.085	6.20	0.062	6.73	67.310	9.80	119.00	0.086	9.70	118.800	0.084	96.0	99.0	0.0	60.0	10.100
0.02789352	9.80	119.100	0.085	6.20	0.063	6.71	67.156	9.80	119.10	0.086	9.70	118.700	0.084	94.0	99.0	0.0	60.1	10.400
0.02800926	9.80	119.100	0.085	6.30	0.063	6.71	67.156	9.80	119.10	0.086	9.80	118.900	0.084	97.0	99.0	0.0	60.0	10.100
0.02812500	9.80	118.900	0.085	6.30	0.063	6.71	67.155	9.80	119.10	0.086	9.80	118.800	0.084	97.0	99.0	0.0	60.0	10.100
0.02824074	9.80	119.000	0.085	6.30	0.063	6.71	67.157	9.80	119.10	0.086	9.70	118.800	0.084	94.0	99.0	0.0	60.0	10.400
0.02835648	9.80	118.900	0.086	6.30	0.064	6.71	67.154	9.80	119.10	0.086	9.70	118.800	0.084	94.0	99.0	0.0	60.1	10.400
0.02847222	9.80	119.000	0.085	6.40	0.064	6.71	67.156	9.80	119.10	0.086	9.70	118.800	0.085	97.0	99.0	0.0	60.1	10.100
0.02858796	9.80	119.000	0.085	6.40	0.064	6.71	67.153	9.80	119.10	0.086	9.70	118.400	0.084	97.0	99.0	0.0	60.1	10.100
0.02870370	9.80	119.000	0.085	6.40	0.064	6.71	67.152	9.80	119.10	0.086	9.80	118.900	0.085	97.0	99.0	0.0	60.1	10.100
0.02881944	9.80	119.000	0.086	6.40	0.065	6.71	67.152	9.80	119.10	0.086	9.70	118.900	0.085	94.0	99.0	0.0	60.1	10.400
0.02893519	9.80	119.100	0.086	6.50	0.065	6.71	67.154	9.80	119.10	0.086	9.70	118.900	0.084	94.0	99.0	0.0	60.1	10.400
0.02905093	9.80	119.000	0.085	6.50	0.065	6.71	67.151	9.80	119.10	0.087	9.70	118.800	0.084	97.0	99.0	0.0	60.1	10.100
0.02916667	9.80	118.900	0.086	6.50	0.065	6.71	67.151	9.80	119.10	0.086	9.70	118.800	0.085	97.0	99.0	0.0	60.1	10.100
0.02928241	9.80	118.900	0.085	6.50	0.066	6.71	67.153	9.80	119.10	0.086	9.70	118.800	0.085	97.0	99.0	0.0	60.1	10.100
0.02939815	9.80	119.000	0.086	6.60	0.066	6.71	67.150	9.80	119.10	0.086	9.70	118.900	0.084	97.0	99.0	0.0	60.0	10.100
0.02951389	9.70	118.900	0.085	6.60	0.066	6.71	67.149	9.80	119.10	0.086	9.70	118.800	0.084	96.0	99.0	0.0	60.0	10.100
0.02962963	9.80	118.900	0.085	6.60	0.066	6.71	67.149	9.80	119.10	0.086	9.70	118.500	0.084	97.0	99.0	0.0	60.0	10.100
0.02974537	9.70	118.800	0.085	6.60	0.067	6.71	67.148	9.80	119.00	0.086	9.70	118.700	0.084	93.0	99.0	0.0	59.9	10.400
0.02986111	9.80	118.800	0.084	6.70	0.067	6.71	67.147	9.80	118.90	0.086	9.70	118.700	0.084	97.0	99.0	0.0	60.0	10.100
0.02997685	9.80	118.900	0.085	6.70	0.067	6.71	67.146	9.80	119.00	0.086	9.70	118.700	0.084	97.0	99.0	0.0	60.0	10.100
0.03009259	9.70	118.900	0.085	6.70	0.067	6.71	67.146	9.80	119.00	0.086	9.70	118.700	0.084	96.0	99.0	0.0	60.0	10.100
0.03020833	9.80	119.000	0.085	6.80	0.068	6.71	67.145	9.80	119.10	0.086	9.70	118.800	0.085	97.0	99.0	0.0	59.9	10.100
0.03032407	9.80	119.000	0.085	6.80	0.068	6.71	67.145	9.80	119.10	0.086	9.70	118.800	0.085	94.0	99.0	0.0	60.0	10.400
0.03043981	9.80	119.000	0.085	6.80	0.068	6.71	67.144	9.80	119.10	0.087	9.70	118.800	0.085	94.0	99.0	0.0	60.0	10.400
0.03055556	9.80	118.900	0.085	6.80	0.068	6.71	67.144	9.80	119.10	0.086	9.70	118.800	0.084	94.0	99.0	0.0	60.0	10.400
0.03067130	9.80	119.000	0.085	6.90	0.069	6.71	67.144	9.80	119.10	0.086	9.80	118.800	0.084	97.0	99.0	0.0	60.0	10.100
0.03078704	9.80	118.800	0.085	6.90	0.069	6.71	67.143	9.80	119.10	0.086	9.70	118.700	0.084	97.0	99.0	0.0	60.1	10.100
0.03090278	9.70	118.500	0.085	6.90	0.069	6.71	67.142	9.80	119.00	0.086	9.70	118.400	0.084	93.0	99.0	0.0	60.0	10.400
0.03101852	9.80	118.900	0.085	6.90	0.070	6.71	67.141	9.80	119.00	0.086	9.70	118.400	0.084	97.0	99.0	0.0	60.1	10.100
0.03113426	9.80	118.900	0.085	7.00	0.070	6.71	67.141	9.80	119.00	0.086	9.70	118.700	0.085	97.0	99.0	0.0	60.1	10.100
0.03125000	9.70	119.000	0.086	7.00	0.070	6.71	67.140	9.80	119.00	0.086	9.70	118.700	0.085	96.0	99.0	0.0	60.1	10.100
0.03136574	9.80	118.900	0.085	7.00	0.070	6.71	67.139	9.80	119.00	0.086	9.70	118.800	0.085	97.0	99.0	0.0	60.1	10.100
0.03148148	9.80	118.900	0.085	7.00	0.071	6.71	67.139	9.80	119.00	0.086	9.70	118.800	0.085	97.0	99.0	0.0	60.1	10.100
0.03159722	9.80	118.800	0.085	7.10	0.071	6.71	67.139	9.80	119.00	0.086	9.70	118.800	0.084	97.0	99.0	0.0	60.1	10.100
0.03171296	9.80	118.900	0.085	7.10	0.071	6.71	67.141	9.80	119.00	0.086	9.70	118.800	0.084	94.0	99.0	0.0	60.1	10.400
0.03182870	9.80	119.000	0.085	7.10	0.071	6.71	67.137	9.80	119.00	0.086	9.70	118.800	0.084	97.0	99.0	0.0	60.1	10.100
0.03194444	9.70	118.900	0.085	7.10	0.072	6.71	67.137	9.80	119.10	0.086	9.70	118.800	0.085	93.0	99.0	0.0	60.1	10.400
0.03206019	9.80	118.900	0.085	7.20	0.072	6.71	67.136	9.80	119.00	0.086	9.70	118.500	0.084	97.0	99.0	0.0	60.1	10.100
0.03217593	9.80	118.900	0.085	7.20	0.072	6.71	67.135	9.80	119.00	0.086	9.70	118.600	0.084	97.0	99.0	0.0	60.1	10.100
0.03229167	9.70	118.800	0.085	7.20	0.072	6.71	67.134	9.80	119.00	0.086	9.70	118.700	0.084	96.0	99.0	0.0	60.1	10.100
0.03240741	9.80	118.800	0.086	7.20	0.073	6.71	67.133	9.80	118.90	0.086	9.70	118.600	0.084	97.0	99.0	0.0	60.1	10.100
0.03252315	9.80	118.800	0.085	7.30	0.073	6.71	67.135	9.80	119.00	0.086	9.70	118.700	0.084	97.0	99.0	0.0	60.0	10.100
0.03263889	9.80	119.000	0.085	7.30	0.073	6.71	67.135	9.80	119.00	0.086	9.70	118.800	0.085	94.0	99.0	0.0	60.0	10.400
0.03275463	9.80	118.900	0.086	7.30	0.073	6.71	67.132	9.80	119.00	0.086	9.70	118.700	0.085	97.0	99.0	0.0	60.0	10.100
0.03287037	9.80	118.900	0.086	7.30	0.074	6.71	67.133	9.80	119.00	0.086	9.70	118.700	0.084	94.0	99.0	0.0	60.0	10.400
0.03298611	9.80	118.800	0.086	7.40	0.074	6.71	67.130	9.80	119.00	0.086	9.70	118.700	0.085	97.0	99.0	0.0	59.9	10.100
0.03310185	9.80	119.000	0.085	7.40	0.074	6.71	67.130	9.80	119.00	0.086	9.70	118.700	0.084	97.0	99.0	0.0	60.0	10.100
0.03321759	9.70	118.800	0.085	7.40	0.074	6.71	67.130	9.80	119.00	0.086	9.70	118.700	0.084	96.0	99.0	0.0	60.0	10.100
0.03333333	9.80	118.900	0.085	7.50	0.075	6.71	67.130	9.80	119.00	0.086	9.70	118.700	0.084	94.0	99.0	0.0	60.0	10.400
0.03344907	9.80	119.000	0.086	7.50	0.075	6.71	67.129	9.80	119.00	0.086	9.80	118.700	0.084	94.0	99.0	0.0	60.0	10.400
0.03356481	9.80	118.800	0.084	7.50	0.075	6.71	67.129	9.80	119.00	0.086	9.70	118.500	0.084	97.0	99.0	0.0	60.0	10.100
0.03368056	9.70	118.900	0.085	7.50	0.075	6.71	67.128	9.80	118.90	0.086	9.70	118.600	0.084	96.0	99.0	0.0	60.0	10.100
0.03379630	9.70	118.900	0.085	7.60	0.076	6.71	67.127	9.80	118.90	0.086	9.70	118.600	0.084	96.0	99.0	0.0	60.0	10.100
0.03391204	9.80	118.900	0.085	7.60	0.076	6.71	67.126	9.80	118.90	0.086	9.70	118.700	0.084	97.0	99.0	0.0	60.1	10.100
0.03402778	9.80	118.900	0.085	7.60	0.076	6.71	67.125	9.80	119.00	0.086	9.70	118.600	0.084	97.0	99.0	0.0	60.1	10.100
0.03414352	9.80	118.900	0.085	7.60	0.076	6.71	67.125	9.80	119.00	0.086	9.70	118.700	0.084	97.0	99.0	0.0	60.1	10.100
0.03425926	9.80	118.800	0.085	7.70	0.077	6.71	67.125	9.80	119.00	0.086	9.70	118.700	0.084	97.0	99.0	0.0	60.0	10.100
0.03437500	9.80	118.900	0.085	7.70	0.077	6.71	67.124	9.80	118.90	0.086	9.70	118.700	0.084	98.0	99.0	0.0	59.9	9.900
0.03449074	9.80	118.900	0.085	7.70	0.077	6.71	67.123	9.80	119.00	0.086	9.70	118.700	0.084	97.0	99.0	0.0	60.0	10.100
0.03460648	9.80	118.800	0.085	7.70	0.078	6.71	67.123	9.80	118.90	0.086	9.70	118.700	0.084	97.0	99.0	0.0	60.0	10.100
0.03472222	9.70	118.900	0.085	7.80	0.078	6.71	67.122	9.80	118.90	0.086	9.70	118.700	0.084	93.0	99.0	0.0	60.0	10.400
0.03483796	9.80	118.800	0.085	7.80	0.078	6.71	67.121	9.80	119.00	0.086	9.70	118.600	0.084	94.0	99.0	0.0	60.0	10.400
0.03495370	9.70	118.900	0.085	7.80	0.078	6.71	67.123	9.80	119.00	0.086	9.70	118.700	0.084	96.0	99.0	0.0	59.9	10.100
0.03506944	9.80	118.900	0.085	7.80	0.079	6.71	67.121	9.80	119.00	0.086	9.70	118.700	0.084	94.0	99.0	0.0	60.0	10.400
0.03518519	9.70	118.900	0.085	7.90	0.079	6.71	67.120	9.80	118.90	0.086	9.70	118.700	0.084	93.0	99.0	0.0	59.9	10.400
0.03530093	9.80	118.900	0.085	7.90	0.079	6.71	67.120	9.80	119.00	0.086	9.70	118.700	0.084	97.0	99.0	0.0	60.0	10.100
0.03541667	9.80	119.000	0.085	7.90	0.079	6.71	67.119	9.80	119.00	0.086	9.70	118.700	0.084	97.0	99.0	0.0	60.0	10.100
0.03553241	9.80	118.900	0.085	7.90	0.080	6.71	67.119	9.80	119.00	0.086	9.70	118.500	0.084	97.0	99.0	0.0	60.0	10.100
0.03564815	9.80	118.800	0.084	8.00	0.080	6.71	67.118	9.80	118.90	0.086	9.70	118.700	0.084	94.0	99.0	0.0	60.0	10.400
0.03576389	9.70	118.900	0.085	8.00	0.080	6.71	67.117	9.80	118.90	0.086	9.70	118.700	0.084	93.0	99.0	0.0	60.0	10.400
0.03587963	9.80	118.900	0.085	8.00	0.080	6.71	67.117	9.80	118.90	0.086	9.70	118.700	0.084	94.0	99.0	0.0	60.1	10.400
0.03599537	9.70	118.900	0.086	8.10	0.081	6.71	67.116	9.80	119.00	0.086	9.70	118.700	0.084	93.0	99.0	0.0	60.1	10.400
0.03611111	9.80	118.900	0.085	8.10	0.081	6.71	67.116	9.80	119.00	0.086	9.70	118.700	0.084	94.0	99.0	0.0	60.0	10.400
0.03622685	9.80	118.900	0.085	8.10	0.081	6.71	67.116	9.80	119.00	0.086	9.70	118.800	0.084	94.0	99.0	0.0	60.0	10.400
0.03634259	9.80	118.900	0.085	8.10	0.081	6.71	67.117	9.80	119.00	0.086	9.70	118.700	0.084	97.0	99.0	0.0	60.0	10.100
0.03645833	9.70	118.900	0.084	8.20	0.082	6.71	67.115	9.80	119.00	0.086	9.70	118.700	0.084	96.0	99.0	0.0	60.0	10.100
0.03657407	9.80	118.800	0.085	8.20	0.082	6.71	67.117	9.80	119.00	0.086	9.70	118.800	0.084	97.0	99.0	0.0	60.0	10.100
0.03668981	9.70	118.900	0.085	8.20	0.082	6.71	67.114	9.80	119.00	0.086	9.70	118.800	0.084	93.0	99.0	0.0	60.0	10.400
0.03680556	9.80	118.800	0.086	8.20	0.082	6.71	67.114	9.80	119.00	0.086	9.70	118.300	0.084	94.0	99.0	0.0	59.9	10.400
0.03692130	9.80	118.900	0.085	8.30	0.083	6.71	67.113	9.80	118.90	0.086	9.70	118.700	0.084	97.0	99.0	0.0	60.0	10.100
0.03703704	9.70	118.900	0.085	8.30	0.083	6.71	67.114	9.80	118.90	0.086	9.70	118.700	0.084	93.0	99.0	0.0	59.9	10.400
0.03715278	9.80	119.000	0.085	8.30	0.083	6.71	67.112	9.80	119.00	0.086	9.70	118.700	0.084	97.0	99.0	0.0	60.0	10.100
0.03726852	9.80	118.900	0.085	8.30	0.083	6.71	67.112	9.80	119.00	0.086	9.70	118.800	0.084	97.0	99.0	0.0	60.0	10.100
0.03738426	9.80	118.900	0.085	8.40	0.084	6.71	67.113	9.80	119.00	0.086	9.70	118.800	0.084	97.0	99.0	0.0	60.0	10.100
0.03750000	9.80	118.900	0.085	8.40	0.084	6.71	67.113	9.80	119.10	0.086	9.80	118.800	0.084	94.0	99.0	0.0	59.9	10.400
0.03761574	9.80	118.900	0.085	8.40	0.084	6.71	67.111	9.80	119.10	0.086	9.70	118.800	0.084	97.0	99.0	0.0	60.0	10.100
0.03773148	9.80	119.000	0.085	8.40	0.085	6.71	67.111	9.80	119.10	0.086	9.80	118.800	0.084	94.0	99.0	0.0	60.0	10.400
0.03784722	9.80	119.000	0.085	8.50	0.085	6.71	67.111	9.80	119.10	0.086	9.70	118.800	0.084	94.0	99.0	0.0	60.0	10.400
0.03796296	9.80	118.900	0.085	8.50	0.085	6.71	67.111	9.80	119.00	0.086	9.70	118.700	0.084	97.0	99.0	0.0	59.9	10.100
0.03807870	9.80	118.900	0.085	8.50	0.085	6.71	67.113	9.80	119.00	0.086	9.70	118.700	0.084	97.0	99.0	0.0	60.0	10.100
0.03819444	9.80	118.900	0.085	8.50	0.086	6.71	67.110	9.80	119.00	0.086	9.70	118.700	0.084	97.0	99.0	0.0	60.0	10.100
0.03831019	9.80	119.000	0.085	8.60	0.086	6.71	67.110	9.80	119.00	0.086	9.70	118.700	0.084	97.0	99.0	0.0	59.9	10.100
0.03842593	9.80	119.000	0.086	8.60	0.086	6.71	67.110	9.80	119.00	0.086	9.70	118.700	0.084	94.0	99.0	0.0	60.0	10.400
0.03854167	9.80	118.900	0.085	8.60	0.086	6.71	67.109	9.80	119.00	0.086	9.70	118.800	0.084	94.0	99.0	0.0	60.0	10.400
0.03865741	9.80	118.900	0.085	8.70	0.087	6.71	67.111	9.80	119.00	0.086	9.70	118.700	0.084	97.0	99.0	0.0	59.9	10.100
0.03877315	9.80	118.900	0.085	8.70	0.087	6.71	67.108	9.80	119.00	0.086	9.70	118.800	0.084	97.0	99.0	0.0	60.0	10.100
0.03888889	9.80	118.900	0.084	8.70	0.087	6.71	67.110	9.80	119.00	0.086	9.70	118.700	0.084	97.0	99.0	0.0	60.0	10.100
0.03900463	9.80	119.000	0.085	8.70	0.087	6.71	67.108	9.80	119.00	0.086	9.70	118.700	0.084	94.0	99.0	0.0	60.0	10.400
0.03912037	9.80	118.900	0.085	8.80	0.088	6.71	67.107	9.80	119.00	0.086	9.70	118.800	0.084	97.0	99.0	0.0	60.0	10.100
0.03923611	9.80	118.900	0.085	8.80	0.088	6.71	67.107	9.80	119.00	0.086	9.70	118.700	0.084	97.0	99.0	0.0	60.1	10.100
0.03935185	9.80	118.800	0.084	8.80	0.088	6.71	67.108	9.80	118.90	0.086	9.70	118.300	0.083	97.0	99.0	0.0	60.1	10.100
0.03946759	9.70	118.800	0.085	8.80	0.088	6.71	67.105	9.80	118.80	0.086	9.70	118.700	0.084	96.0	99.0	0.0	60.1	10.100
0.03958333	9.80	118.800	0.085	8.90	0.089	6.71	67.105	9.80	118.90	0.086	9.70	118.600	0.084	94.0	99.0	0.0	60.1	10.400
0.03969907	9.80	118.900	0.085	8.90	0.089	6.71	67.105	9.80	119.00	0.086	9.70	118.600	0.084	97.0	99.0	0.0	60.1	10.100
0.03981481	9.80	119.000	0.085	8.90	0.089	6.71	67.104	9.80	119.00	0.086	9.70	118.400	0.084	97.0	99.0	0.0	60.1	10.100
0.03993056	9.80	119.000	0.086	8.90	0.089	6.71	67.103	9.80	119.00	0.086	9.70	118.800	0.084	94.0	99.0	0.0	60.1	10.400
0.04004630	9.80	119.000	0.085	9.00	0.090	6.71	67.103	9.80	119.00	0.086	9.70	118.800	0.084	97.0	99.0	0.0	60.1	10.100
0.04016204	9.80	118.900	0.084	9.00	0.090	6.71	67.103	9.80	119.00	0.086	9.70	118.700	0.084	97.0	99.0	0.0	60.1	10.100
0.04027778	9.80	119.000	0.085	9.00	0.090	6.71	67.102	9.80	119.00	0.086	9.70	118.700	0.084	97.0	99.0	0.0	60.1	10.100
0.04039352	9.80	119.000	0.085	9.00	0.090	6.71	67.103	9.80	119.10	0.086	9.70	118.800	0.084	94.0	99.0	0.0	60.1	10.400
0.04050926	9.80	118.800	0.085	9.10	0.091	6.71	67.102	9.80	119.00	0.086	9.70	118.700	0.084	97.0	99.0	0.0	60.1	10.100
0.04062500	9.80	118.900	0.085	9.10	0.091	6.71	67.102	9.80	119.00	0.086	9.70	118.700	0.084	97.0	99.0	0.0	60.1	10.100
0.04074074	9.80	118.800	0.085	9.10	0.091	6.71	67.101	9.80	119.00	0.086	9.70	118.400	0.084	97.0	99.0	0.0	60.1	10.100
0.04085648	9.70	118.800	0.084	9.10	0.091	6.71	67.101	9.80	118.90	0.086	9.70	118.700	0.084	93.0	99.0	0.0	60.1	10.400
0.04097222	9.80	118.900	0.085	9.20	0.092	6.71	67.102	9.80	118.90	0.086	9.70	118.700	0.084	97.0	99.0	0.0	60.0	10.100
0.04108796	9.80	118.800	0.085	9.20	0.092	6.71	67.099	9.80	119.00	0.086	9.70	118.700	0.084	97.0	99.0	0.0	60.0	10.100
0.04120370	9.80	119.000	0.085	9.20	0.092	6.71	67.099	9.80	119.10	0.086	9.70	118.700	0.084	97.0	99.0	0.0	60.0	10.100
0.04131944	9.80	118.900	0.084	9.30	0.093	6.71	67.099	9.80	119.10	0.086	9.80	118.800	0.084	97.0	99.0	0.0	60.0	10.100
0.04143519	9.80	118.900	0.085	9.30	0.093	6.71	67.101	9.80	119.10	0.086	9.70	118.800	0.084	98.0	99.0	0.0	60.0	9.900
0.04155093	9.70	119.000	0.085	9.30	0.093	6.71	67.099	9.80	119.00	0.086	9.70	118.800	0.084	93.0	99.0	0.0	60.0	10.400
0.04166667	9.80	119.000	0.085	9.30	0.093	6.71	67.099	9.80	119.00	0.086	9.70	118.700	0.084	97.0	99.0	0.0	60.0	10.100
0.04178241	9.80	118.900	0.085	9.40	0.094	6.71	67.098	9.80	119.00	0.086	9.70	118.700	0.084	97.0	99.0	0.0	60.0	10.100
0.04189815	9.80	119.000	0.085	9.40	0.094	6.71	67.098	9.80	119.00	0.086	9.70	118.700	0.084	97.0	99.0	0.0	60.0	10.100
0.04201389	9.80	118.900	0.085	9.40	0.094	6.71	67.098	9.80	119.10	0.086	9.70	118.800	0.084	97.0	99.0	0.0	59.9	10.100
0.04212963	9.80	119.000	0.085	9.40	0.094	6.71	67.098	9.80	119.00	0.086	9.70	118.800	0.084	97.0	99.0	0.0	60.0	10.100
0.04224537	9.80	118.900	0.085	9.50	0.095	6.71	67.100	9.80	119.10	0.086	9.70	118.500	0.084	97.0	99.0	0.0	60.0	10.100
0.04236111	9.80	118.900	0.085	9.50	0.095	6.71	67.098	9.80	119.00	0.086	9.70	118.700	0.084	97.0	99.0	0.0	59.9	10.100
0.04247685	9.80	118.800	0.085	9.50	0.095	6.71	67.097	9.80	119.00	0.086	9.70	118.700	0.084	97.0	99.0	0.0	60.0	10.100
0.04259259	9.80	118.900	0.085	9.50	0.095	6.71	67.096	9.80	118.90	0.086	9.70	118.700	0.084	94.0	99.0	0.0	60.0	10.400
0.04270833	9.70	118.900	0.085	9.60	0.096	6.71	67.095	9.80	119.00	0.086	9.70	118.700	0.084	96.0	99.0	0.0	60.0	10.100
0.04282407	9.80	119.000	0.085	9.60	0.096	6.71	67.096	9.80	119.00	0.086	9.70	118.700	0.084	97.0	99.0	0.0	60.0	10.100
0.04293981	9.70	118.900	0.085	9.60	0.096	6.71	67.095	9.80	119.00	0.086	9.70	118.700	0.084	96.0	99.0	0.0	60.0	10.100
0.04305556	9.80	118.900	0.085	9.60	0.096	6.71	67.095	9.80	119.00	0.086	9.70	118.800	0.084	94.0	99.0	0.0	60.0	10.400
0.04317130	9.70	118.900	0.085	9.70	0.097	6.71	67.095	9.80	119.00	0.086	9.70	118.800	0.084	93.0	99.0	0.0	60.0	10.400
0.04328704	9.80	119.000	0.085	9.70	0.097	6.71	67.095	9.80	119.00	0.086	9.70	118.700	0.084	97.0	99.0	0.0	60.0	10.100
0.04340278	9.70	118.800	0.085	9.70	0.097	6.71	67.094	9.80	119.00	0.086	9.70	118.600	0.084	96.0	99.0	0.0	60.0	10.100
0.04351852	9.80	118.800	0.084	9.70	0.097	6.71	67.093	9.80	118.80	0.086	9.70	118.600	0.084	97.0	99.0	0.0	60.1	10.100
0.04363426	9.80	118.700	0.085	9.80	0.098	6.71	67.093	9.80	118.80	0.086	9.70	118.600	0.084	94.0	99.0	0.0	60.1	10.400
0.04375000	9.80	118.600	0.085	9.80	0.098	6.71	67.092	9.80	118.80	0.086	9.70	118.600	0.084	97.0	99.0	0.0	60.1	10.100
0.04386574	9.70	118.700	0.085	9.80	0.098	6.71	67.091	9.80	118.80	0.086	9.70	118.200	0.084	96.0	99.0	0.0	60.1	10.100
0.04398148	9.70	118.500	0.085	9.80	0.098	6.71	67.091	9.80	118.70	0.086	9.70	118.500	0.084	96.0	99.0	0.0	60.1	10.100
0.04409722	9.80	118.600	0.085	9.90	0.099	6.71	67.090	9.80	118.70	0.086	9.70	118.400	0.084	97.0	99.0	0.0	60.0	10.100
0.04421296	9.70	118.800	0.085	9.90	0.099	6.71	67.089	9.80	118.80	0.086	9.70	118.400	0.084	96.0	99.0	0.0	60.0	10.100
0.04432870	9.70	118.600	0.084	9.90	0.099	6.71	67.088	9.80	118.80	0.086	9.70	118.600	0.084	96.0	99.0	0.0	60.0	10.100
0.04444444	9.70	118.600	0.085	9.90	0.099	6.71	67.087	9.80	118.80	0.086	9.70	118.500	0.084	96.0	99.0	0.0	60.0	10.100
0.04456019	9.70	118.600	0.085	10.00	0.100	6.71	67.086	9.80	118.80	0.086	9.70	118.500	0.084	96.0	99.0	0.0	60.0	10.100
0.04467593	9.80	118.700	0.084	10.00	0.100	6.71	67.086	9.80	118.80	0.085	9.70	118.500	0.084	97.0	99.0	0.0	60.0	10.100
0.04479167	9.80	118.700	0.084	10.00	0.100	6.71	67.085	9.80	118.70	0.086	9.70	118.400	0.084	97.0	99.0	0.0	60.0	10.100
0.04490741	9.80	118.600	0.085	10.00	0.101	6.71	67.085	9.80	118.70	0.085	9.70	118.500	0.084	97.0	99.0	0.0	60.0	10.100
0.04502315	9.80	118.600	0.085	10.10	0.101	6.71	67.083	9.80	118.70	0.085	9.70	118.500	0.084	97.0	99.0	0.0	59.9	10.100
0.04513889	9.70	118.500	0.085	10.10	0.101	6.71	67.083	9.80	118.70	0.085	9.70	118.500	0.084	96.0	99.0	0.0	60.0	10.100
0.04525463	9.80	118.700	0.085	10.10	0.101	6.71	67.084	9.80	118.80	0.086	9.70	118.500	0.084	97.0	99.0	0.0	60.0	10.100
0.04537037	9.70	118.600	0.085	10.20	0.102	6.71	67.081	9.80	118.80	0.086	9.70	118.500	0.084	96.0	99.0	0.0	60.0	10.100
0.04548611	9.70	118.600	0.085	10.20	0.102	6.71	67.081	9.80	118.70	0.086	9.70	118.400	0.084	96.0	99.0	0.0	60.0	10.100
0.04560185	9.70	118.600	0.085	10.20	0.102	6.71	67.082	9.80	118.70	0.086	9.70	118.500	0.084	96.0	99.0	0.0	60.0	10.100
0.04571759	9.70	118.600	0.084	10.20	0.102	6.71	67.081	9.80	118.70	0.086	9.70	118.100	0.084	96.0	99.0	0.0	60.0	10.100
0.04583333	9.70	118.600	0.085	10.30	0.103	6.71	67.078	9.80	118.70	0.086	9.70	118.400	0.084	96.0	99.0	0.0	60.0	10.100
0.04594907	9.80	118.500	0.084	10.30	0.103	6.71	67.077	9.80	118.60	0.086	9.70	118.400	0.084	97.0	99.0	0.0	60.0	10.100
0.04606481	9.70	118.600	0.085	10.30	0.103	6.72	67.230	9.80	118.60	0.085	9.70	118.000	0.084	96.0	99.0	0.0	59.9	10.100
0.04618056	9.80	118.600	0.085	10.30	0.103	6.71	67.077	9.80	118.70	0.086	9.70	118.400	0.084	97.0	99.0	0.0	60.0	10.100
0.04629630	9.80	118.600	0.085	10.40	0.104	6.71	67.075	9.80	118.70	0.086	9.70	118.400	0.084	97.0	99.0	0.0	59.9	10.100
0.04641204	9.80	118.600	0.085	10.40	0.104	6.71	67.074	9.80	118.70	0.085	9.70	118.500	0.084	97.0	99.0	0.0	60.0	10.100
0.04652778	9.70	118.500	0.085	10.40	0.104	6.71	67.074	9.80	118.70	0.086	9.70	118.500	0.084	96.0	99.0	0.0	60.1	10.100
0.04664352	9.80	118.700	0.085	10.40	0.104	6.71	67.073	9.80	118.70	0.086	9.70	118.500	0.084	97.0	99.0	0.0	60.1	10.100
0.04675926	9.70	118.700	0.085	10.50	0.105	6.71	67.074	9.80	118.70	0.085	9.70	118.500	0.084	96.0	99.0	0.0	60.1	10.100
0.04687500	9.70	118.600	0.085	10.50	0.105	6.71	67.074	9.80	118.80	0.086	9.70	118.500	0.084	96.0	99.0	0.0	60.1	10.100
0.04699074	9.80	118.700	0.085	10.50	0.105	6.71	67.071	9.80	118.80	0.086	9.70	118.500	0.084	97.0	99.0	0.0	60.1	10.100
0.04710648	9.80	118.700	0.085	10.50	0.105	6.71	67.070	9.80	118.80	0.086	9.70	118.500	0.084	98.0	99.0	0.0	60.1	9.900
0.04722222	9.80	118.700	0.085	10.60	0.106	6.71	67.070	9.80	118.80	0.086	9.70	118.600	0.084	97.0	99.0	0.0	60.1	10.100
0.04733796	9.70	118.700	0.085	10.60	0.106	6.71	67.069	9.80	118.80	0.086	9.70	118.500	0.084	93.0	99.0	0.0	60.1	10.400
0.04745370	9.80	118.600	0.085	10.60	0.106	6.71	67.068	9.80	118.70	0.086	9.70	118.500	0.084	97.0	99.0	0.0	60.1	10.100
0.04756944	9.80	118.700	0.085	10.60	0.106	6.71	67.068	9.80	118.70	0.086	9.70	118.500	0.084	94.0	99.0	0.0	60.1	10.400
0.04768519	9.70	118.600	0.085	10.70	0.107	6.71	67.067	9.80	118.70	0.085	9.70	118.100	0.084	96.0	99.0	0.0	60.1	10.100
0.04780093	9.70	118.400	0.084	10.70	0.107	6.71	67.067	9.80	118.60	0.086	9.70	118.400	0.084	96.0	99.0	0.0	60.1	10.100
0.04791667	9.70	118.500	0.084	10.70	0.107	6.71	67.065	9.80	118.60	0.085	9.70	118.400	0.084	96.0	99.0	0.0	60.1	10.100
0.04803241	9.80	118.500	0.085	10.70	0.107	6.71	67.064	9.80	118.60	0.085	9.70	118.300	0.084	97.0	99.0	0.0	60.1	10.100
0.04814815	9.80	118.600	0.085	10.80	0.108	6.71	67.063	9.80	118.70	0.086	9.70	118.300	0.084	97.0	99.0	0.0	60.1	10.100
0.04826389	9.80	118.700	0.085	10.80	0.108	6.71	67.063	9.80	118.70	0.086	9.70	118.400	0.084	97.0	99.0	0.0	60.1	10.100
0.04837963	9.80	118.600	0.085	10.80	0.108	6.71	67.062	9.80	118.70	0.086	9.70	118.400	0.084	97.0	99.0	0.0	60.0	10.100
0.04849537	9.70	118.500	0.085	10.80	0.109	6.71	67.061	9.80	118.70	0.086	9.70	118.400	0.084	97.0	99.0	0.0	60.0	9.900
0.04861111	9.80	118.500	0.085	10.90	0.109	6.71	67.061	9.80	118.60	0.086	9.70	118.400	0.083	97.0	99.0	0.0	60.0	10.100
0.04872685	9.80	118.600	0.085	10.90	0.109	6.71	67.060	9.80	118.60	0.086	9.70	118.300	0.084	97.0	99.0	0.0	60.0	10.100
0.04884259	9.70	118.500	0.085	10.90	0.109	6.71	67.059	9.80	118.60	0.086	9.70	118.400	0.084	96.0	99.0	0.0	60.0	10.100
0.04895833	9.70	118.600	0.085	11.00	0.110	6.71	67.058	9.80	118.70	0.086	9.70	118.400	0.084	96.0	99.0	0.0	60.0	10.100
0.04907407	9.70	118.500	0.086	11.00	0.110	6.71	67.057	9.80	118.60	0.086	9.70	118.400	0.084	96.0	99.0	0.0	60.0	10.100
0.04918981	9.80	118.600	0.085	11.00	0.110	6.71	67.058	9.80	118.70	0.086	9.70	118.400	0.084	97.0	99.0	0.0	60.0	10.100
0.04930556	9.80	118.600	0.086	11.00	0.110	6.71	67.056	9.80	118.70	0.086	9.70	118.400	0.084	97.0	99.0	0.0	60.0	10.100
0.04942130	9.70	118.400	0.085	11.10	0.111	6.71	67.055	9.80	118.60	0.086	9.70	118.000	0.084	97.0	99.0	0.0	60.0	9.900
0.04953704	9.70	118.400	0.085	11.10	0.111	6.71	67.054	9.80	118.50	0.086	9.70	118.300	0.084	97.0	99.0	0.0	60.0	9.900
0.04965278	9.80	118.500	0.085	11.10	0.111	6.71	67.054	9.80	118.60	0.086	9.70	118.400	0.084	97.0	99.0	0.0	60.0	10.100
0.04976852	9.80	118.600	0.085	11.10	0.111	6.71	67.053	9.80	118.70	0.086	9.70	118.300	0.084	97.0	99.0	0.0	60.1	10.100
0.04988426	9.70	118.500	0.085	11.20	0.112	6.71	67.052	9.80	118.70	0.086	9.70	118.400	0.084	96.0	99.0	0.0	60.1	10.100
0.05000000	9.70	118.600	0.085	11.20	0.112	6.71	67.052	9.80	118.70	0.086	9.70	118.400	0.084	96.0	99.0	0.0	60.1	10.100
0.05011574	9.80	118.600	0.085	11.20	0.112	6.71	67.051	9.80	118.70	0.086	9.70	118.500	0.084	97.0	99.0	0.0	60.1	10.100
0.05023148	9.80	118.500	0.085	11.20	0.112	6.71	67.050	9.80	118.70	0.086	9.70	118.500	0.084	97.0	99.0	0.0	60.1	10.100
0.05034722	9.80	118.600	0.086	11.30	0.113	6.71	67.050	9.80	118.70	0.086	9.70	118.400	0.084	97.0	99.0	0.0	60.1	10.100
0.05046296	9.70	118.600	0.085	11.30	0.113	6.70	67.049	9.80	118.70	0.086	9.70	118.500	0.084	96.0	99.0	0.0	60.1	10.100
0.05057870	9.80	118.700	0.085	11.30	0.113	6.70	67.048	9.80	118.70	0.086	9.70	118.400	0.084	97.0	99.0	0.0	60.0	10.100
0.05069444	9.80	118.600	0.085	11.30	0.113	6.70	67.049	9.80	118.70	0.086	9.70	118.400	0.084	97.0	99.0	0.0	60.0	10.100
0.05081019	9.70	118.500	0.085	11.40	0.114	6.70	67.047	9.80	118.70	0.086	9.70	118.500	0.084	96.0	99.0	0.0	60.0	10.100
0.05092593	9.80	118.700	0.085	11.40	0.114	6.70	67.046	9.80	118.70	0.086	9.70	118.400	0.084	94.0	99.0	0.0	60.0	10.400
0.05104167	9.80	118.500	0.085	11.40	0.114	6.70	67.046	9.80	118.70	0.086	9.70	118.400	0.084	97.0	99.0	0.0	60.0	10.100
0.05115741	9.80	118.600	0.085	11.40	0.114	6.70	67.045	9.80	118.70	0.086	9.70	118.400	0.084	97.0	99.0	0.0	60.0	10.100
0.05127315	9.70	118.600	0.084	11.50	0.115	6.70	67.045	9.80	118.70	0.086	9.70	118.400	0.084	96.0	99.0	0.0	60.0	10.100
0.05138889	9.70	118.600	0.085	11.50	0.115	6.70	67.044	9.80	118.70	0.086	9.70	118.500	0.084	96.0	99.0	0.0	60.0	10.100
0.05150463	9.70	118.700	0.085	11.50	0.115	6.70	67.044	9.80	118.70	0.086	9.70	118.400	0.084	96.0	99.0	0.0	60.0	10.100
0.05162037	9.70	118.600	0.085	11.50	0.115	6.70	67.045	9.80	118.70	0.086	9.70	118.400	0.084	96.0	99.0	0.0	60.0	10.100
0.05173611	9.80	118.700	0.085	11.60	0.116	6.70	67.043	9.80	118.80	0.086	9.70	118.600	0.084	97.0	99.0	0.0	60.0	10.100
0.05185185	9.70	118.700	0.085	11.60	0.116	6.70	67.042	9.80	118.80	0.086	9.70	118.500	0.084	96.0	99.0	0.0	60.0	10.100
0.05196759	9.80	118.700	0.085	11.60	0.116	6.70	67.042	9.80	118.80	0.086	9.70	118.500	0.084	97.0	99.0	0.0	60.0	10.100
0.05208333	9.80	118.700	0.085	11.60	0.116	6.70	67.043	9.80	118.80	0.086	9.70	118.600	0.084	97.0	99.0	0.0	60.0	10.100
0.05219907	9.70	118.700	0.085	11.70	0.117	6.70	67.041	9.80	118.80	0.086	9.70	118.500	0.084	96.0	99.0	0.0	60.0	10.100
0.05231481	9.70	118.700	0.086	11.70	0.117	6.70	67.041	9.80	118.80	0.086	9.70	118.500	0.084	96.0	99.0	0.0	60.0	10.100
0.05243056	9.70	118.700	0.085	11.70	0.117	6.70	67.040	9.80	118.70	0.086	9.70	118.500	0.084	96.0	99.0	0.0	60.0	10.100
0.05254630	9.80	118.600	0.085	11.70	0.118	6.70	67.041	9.80	118.70	0.086	9.70	118.500	0.084	97.0	99.0	0.0	60.0	10.100
0.05266204	9.80	118.600	0.085	11.80	0.118	6.70	67.039	9.80	118.70	0.086	9.70	118.500	0.084	97.0	99.0	0.0	60.0	10.100
0.05277778	9.80	118.600	0.085	11.80	0.118	6.70	67.038	9.80	118.80	0.086	9.70	118.500	0.084	97.0	99.0	0.0	60.0	10.100
0.05289352	9.80	118.700	0.085	11.80	0.118	6.70	67.038	9.80	118.80	0.086	9.70	118.500	0.084	97.0	99.0	0.0	60.0	10.100
0.05300926	9.80	118.700	0.085	11.90	0.119	6.70	67.037	9.80	118.80	0.086	9.70	118.500	0.084	97.0	99.0	0.0	60.0	10.100
0.05312500	9.80	118.600	0.085	11.90	0.119	6.70	67.037	9.80	118.80	0.086	9.70	118.600	0.084	94.0	99.0	0.0	60.0	10.400
0.05324074	9.70	118.700	0.085	11.90	0.119	6.70	67.036	9.80	118.80	0.086	9.70	118.500	0.084	96.0	99.0	0.0	60.0	10.100
0.05335648	9.70	118.700	0.085	11.90	0.119	6.70	67.036	9.80	118.80	0.086	9.70	118.600	0.084	96.0	99.0	0.0	60.0	10.100
0.05347222	9.80	118.700	0.085	12.00	0.120	6.70	67.035	9.80	118.80	0.086	9.70	118.500	0.085	97.0	99.0	0.0	60.1	10.100
0.05358796	9.80	118.700	0.085	12.00	0.120	6.70	67.035	9.80	118.80	0.086	9.70	118.600	0.084	97.0	99.0	0.0	60.1	10.100
0.05370370	9.70	118.600	0.085	12.00	0.120	6.70	67.036	9.80	118.80	0.086	9.70	118.600	0.084	96.0	99.0	0.0	60.1	10.100
0.05381944	9.80	118.800	0.085	12.00	0.120	6.70	67.034	9.80	118.80	0.086	9.70	118.600	0.084	97.0	99.0	0.0	60.0	10.100
0.05393519	9.80	118.700	0.086	12.10	0.121	6.70	67.035	9.80	118.80	0.086	9.70	118.600	0.084	97.0	99.0	0.0	60.0	10.100
0.05405093	9.70	118.700	0.085	12.10	0.121	6.70	67.033	9.80	118.80	0.086	9.70	118.600	0.084	96.0	99.0	0.0	60.1	10.100
0.05416667	9.70	118.800	0.085	12.10	0.121	6.70	67.034	9.80	118.80	0.086	9.70	118.500	0.084	96.0	99.0	0.0	60.1	10.100
0.05428241	9.80	118.700	0.085	12.10	0.121	6.70	67.032	9.80	118.80	0.086	9.70	118.500	0.084	97.0	99.0	0.0	60.0	10.100
0.05439815	9.80	118.600	0.084	12.20	0.122	6.70	67.032	9.80	118.80	0.086	9.70	118.500	0.084	97.0	99.0	0.0	60.0	10.100
0.05451389	9.80	118.600	0.084	12.20	0.122	6.70	67.032	9.80	118.70	0.086	9.70	118.500	0.084	94.0	99.0	0.0	60.0	10.400
0.05462963	9.80	118.600	0.085	12.20	0.122	6.70	67.033	9.80	118.80	0.086	9.70	118.500	0.084	97.0	99.0	0.0	60.0	10.100
0.05474537	9.80	118.700	0.085	12.20	0.122	6.70	67.031	9.80	118.80	0.086	9.70	118.500	0.084	94.0	99.0	0.0	60.0	10.400
0.05486111	9.80	118.700	0.085	12.30	0.123	6.70	67.030	9.80	118.80	0.086	9.70	118.500	0.084	94.0	99.0	0.0	60.0	10.400
0.05497685	9.70	118.600	0.085	12.30	0.123	6.70	67.029	9.80	118.80	0.086	9.70	118.500	0.084	96.0	99.0	0.0	60.1	10.100
0.05509259	9.70	118.500	0.084	12.30	0.123	6.70	67.030	9.80	118.70	0.086	9.70	118.500	0.084	96.0	99.0	0.0	60.1	10.100
0.05520833	9.70	118.700	0.085	12.30	0.123	6.70	67.029	9.80	118.70	0.086	9.70	118.500	0.084	96.0	99.0	0.0	60.1	10.100
0.05532407	9.70	118.700	0.085	12.40	0.124	6.70	67.028	9.80	118.70	0.086	9.70	118.600	0.084	96.0	99.0	0.0	60.1	10.100
0.05543981	9.70	118.700	0.085	12.40	0.124	6.70	67.028	9.80	118.80	0.086	9.70	118.500	0.084	96.0	99.0	0.0	60.0	10.100
0.05555556	9.70	118.600	0.085	12.40	0.124	6.70	67.027	9.80	118.80	0.086	9.70	118.500	0.084	93.0	99.0	0.0	60.0	10.400
0.05567130	9.80	118.600	0.084	12.40	0.124	6.70	67.028	9.80	118.80	0.086	9.70	118.200	0.084	97.0	99.0	0.0	60.0	10.100
0.05578704	9.70	118.500	0.085	12.50	0.125	6.70	67.026	9.80	118.60	0.085	9.70	118.400	0.084	96.0	99.0	0.0	60.0	10.100
0.05590278	9.70	118.500	0.085	12.50	0.125	6.70	67.026	9.80	118.60	0.086	9.70	118.400	0.084	96.0	99.0	0.0	60.0	10.100
0.05601852	9.70	118.500	0.084	12.50	0.125	6.70	67.025	9.80	118.60	0.085	9.70	118.400	0.084	97.0	99.0	0.0	60.0	9.900
0.05613426	9.70	118.500	0.084	12.50	0.126	6.70	67.024	9.80	118.60	0.085	9.70	118.300	0.084	96.0	99.0	0.0	60.0	10.100
0.05625000	9.80	118.600	0.085	12.60	0.126	6.70	67.024	9.80	118.60	0.085	9.70	118.300	0.084	98.0	99.0	0.0	60.0	9.900
0.05636574	9.70	118.600	0.084	12.60	0.126	6.70	67.025	9.80	118.70	0.085	9.70	118.400	0.084	96.0	99.0	0.0	59.9	10.100
0.05648148	9.70	118.500	0.085	12.60	0.126	6.70	67.023	9.80	118.70	0.085	9.70	118.400	0.084	96.0	99.0	0.0	60.0	10.100
0.05659722	9.70	118.600	0.085	12.70	0.127	6.70	67.022	9.80	118.70	0.085	9.70	118.400	0.084	96.0	99.0	0.0	60.0	10.100
0.05671296	9.80	118.500	0.084	12.70	0.127	6.70	67.022	9.80	118.60	0.086	9.70	118.400	0.084	97.0	99.0	0.0	60.0	10.100
0.05682870	9.70	118.500	0.085	12.70	0.127	6.70	67.021	9.80	118.60	0.085	9.70	118.300	0.084	97.0	99.0	0.0	60.0	9.900
0.05694444	9.70	118.400	0.085	12.70	0.127	6.70	67.021	9.80	118.60	0.086	9.70	118.000	0.084	96.0	99.0	0.0	60.0	10.100
0.05706019	9.70	118.500	0.085	12.80	0.128	6.70	67.020	9.80	118.50	0.085	9.70	118.200	0.084	93.0	99.0	0.0	60.0	10.400
0.05717593	9.70	118.400	0.085	12.80	0.128	6.70	67.020	9.80	118.50	0.086	9.70	118.200	0.084	96.0	99.0	0.0	59.9	10.100
0.05729167	9.70	118.500	0.084	12.80	0.128	6.70	67.018	9.80	118.60	0.085	9.70	118.400	0.084	96.0	99.0	0.0	60.0	10.100
0.05740741	9.70	118.600	0.084	12.80	0.128	6.70	67.019	9.80	118.60	0.086	9.70	118.400	0.084	96.0	99.0	0.0	60.0	10.100
0.05752315	9.70	118.400	0.084	12.90	0.129	6.70	67.017	9.80	118.60	0.086	9.70	118.400	0.084	93.0	99.0	0.0	60.0	10.400
0.05763889	9.70	118.500	0.085	12.90	0.129	6.70	67.016	9.80	118.60	0.086	9.70	118.400	0.084	96.0	99.0	0.0	60.0	10.100
0.05775463	9.80	118.500	0.085	12.90	0.129	6.70	67.017	9.80	118.60	0.086	9.70	118.400	0.084	97.0	99.0	0.0	60.0	10.100
0.05787037	9.70	118.500	0.084	12.90	0.129	6.70	67.015	9.80	118.60	0.086	9.70	118.300	0.084	96.0	99.0	0.0	60.0	10.100
0.05798611	9.80	118.600	0.084	13.00	0.130	6.70	67.014	9.80	118.60	0.085	9.70	118.400	0.084	98.0	99.0	0.0	60.0	9.900
0.05810185	9.70	118.400	0.084	13.00	0.130	6.70	67.014	9.80	118.60	0.085	9.70	118.400	0.084	96.0	99.0	0.0	60.0	10.100
0.05821759	9.80	118.600	0.085	13.00	0.130	6.70	67.013	9.80	118.60	0.086	9.70	118.400	0.084	94.0	99.0	0.0	60.0	10.400
0.05833333	9.70	118.500	0.084	13.00	0.130	6.70	67.013	9.80	118.70	0.086	9.70	118.400	0.084	96.0	99.0	0.0	60.0	10.100
0.05844907	9.80	118.500	0.085	13.10	0.131	6.70	67.012	9.80	118.60	0.086	9.70	118.300	0.084	97.0	99.0	0.0	60.0	10.100
0.05856481	9.80	118.500	0.085	13.10	0.131	6.70	67.012	9.80	118.60	0.086	9.70	118.400	0.084	97.0	99.0	0.0	60.0	10.100
0.05868056	9.80	118.600	0.085	13.10	0.131	6.70	67.011	9.80	118.60	0.086	9.70	118.400	0.084	97.0	99.0	0.0	60.0	10.100
0.05879630	9.80	118.500	0.086	13.10	0.131	6.70	67.010	9.80	118.60	0.086	9.70	118.300	0.084	97.0	99.0	0.0	60.0	10.100
0.05891204	9.70	118.600	0.085	13.20	0.132	6.70	67.010	9.80	118.60	0.086	9.70	118.400	0.084	96.0	99.0	0.0	60.0	10.100
0.05902778	9.80	118.500	0.085	13.20	0.132	6.70	67.009	9.80	118.60	0.086	9.70	118.000	0.084	97.0	99.0	0.0	60.0	10.100
0.05914352	9.80	118.400	0.085	13.20	0.132	6.70	67.008	9.80	118.50	0.086	9.70	118.300	0.084	97.0	99.0	0.0	60.0	10.100
0.05925926	9.70	118.500	0.085	13.20	0.132	6.70	67.009	9.80	118.50	0.086	9.70	118.300	0.084	96.0	99.0	0.0	60.0	10.100
0.05937500	9.70	118.500	0.084	13.30	0.133	6.70	67.007	9.80	118.60	0.086	9.70	118.300	0.084	96.0	99.0	0.0	60.0	10.100
0.05949074	9.80	118.500	0.085	13.30	0.133	6.70	67.006	9.80	118.60	0.086	9.70	118.300	0.084	97.0	99.0	0.0	59.9	10.100
0.05960648	9.80	118.500	0.085	13.30	0.133	6.70	67.006	9.80	118.60	0.086	9.70	118.400	0.084	97.0	99.0	0.0	60.0	10.100
0.05972222	9.80	118.600	0.085	13.30	0.133	6.70	67.006	9.80	118.60	0.086	9.70	118.400	0.084	97.0	99.0	0.0	60.0	10.100
0.05983796	9.80	118.600	0.084	13.40	0.134	6.70	67.005	9.80	118.60	0.086	9.70	118.300	0.084	97.0	99.0	0.0	60.0	10.100
0.05995370	9.70	118.500	0.085	13.40	0.134	6.70	67.004	9.80	118.60	0.086	9.70	118.400	0.084	96.0	99.0	0.0	60.0	10.100
0.06006944	9.70	118.600	0.085	13.40	0.134	6.70	67.005	9.80	118.60	0.086	9.70	118.400	0.084	96.0	99.0	0.0	60.0	10.100
0.06018519	9.80	118.500	0.085	13.50	0.135	6.70	67.003	9.80	118.60	0.086	9.70	118.400	0.084	97.0	99.0	0.0	60.0	10.100
0.06030093	9.70	118.400	0.085	13.50	0.135	6.70	67.004	9.80	118.60	0.086	9.70	118.400	0.084	96.0	99.0	0.0	59.9	10.100
0.06041667	9.80	118.500	0.085	13.50	0.135	6.70	67.002	9.80	118.60	0.086	9.70	118.400	0.084	97.0	99.0	0.0	60.0	10.100
0.06053241	9.70	118.500	0.085	13.50	0.135	6.70	67.002	9.80	118.60	0.086	9.70	118.300	0.084	96.0	99.0	0.0	60.0	10.100
0.06064815	9.70	118.500	0.085	13.60	0.136	6.70	67.001	9.80	118.60	0.086	9.70	118.400	0.084	96.0	99.0	0.0	60.0	10.100
0.06076389	9.80	118.600	0.085	13.60	0.136	6.70	67.002	9.80	118.60	0.086	9.70	118.400	0.084	97.0	99.0	0.0	60.0	10.100
0.06087963	9.70	118.500	0.085	13.60	0.136	6.70	67.000	9.80	118.60	0.086	9.70	118.400	0.084	96.0	99.0	0.0	60.0	10.100
0.06099537	9.70	118.600	0.084	13.60	0.136	6.70	67.000	9.80	118.60	0.086	9.70	118.400	0.084	97.0	99.0	0.0	60.0	9.900
0.06111111	9.70	118.400	0.085	13.70	0.137	6.70	66.999	9.80	118.60	0.086	9.70	118.000	0.084	96.0	99.0	0.0	60.0	10.100
0.06122685	9.70	118.500	0.084	13.70	0.137	6.70	66.999	9.80	118.50	0.086	9.70	118.300	0.084	96.0	99.0	0.0	60.0	10.100
0.06134259	9.70	118.400	0.085	13.70	0.137	6.70	66.998	9.80	118.60	0.086	9.70	118.300	0.084	96.0	99.0	0.0	60.0	10.100
0.06145833	9.70	118.500	0.085	13.70	0.137	6.70	66.997	9.80	118.60	0.086	9.70	118.300	0.084	97.0	99.0	0.0	60.1	9.900
0.06157407	9.70	118.400	0.085	13.80	0.138	6.70	66.997	9.80	118.70	0.086	9.70	118.400	0.084	96.0	99.0	0.0	60.1	10.100
0.06168981	9.80	118.500	0.085	13.80	0.138	6.70	66.996	9.80	118.70	0.086	9.70	118.400	0.084	97.0	99.0	0.0	60.1	10.100
0.06180556	9.80	118.600	0.085	13.80	0.138	6.70	66.996	9.80	118.70	0.086	9.70	118.500	0.084	98.0	99.0	0.0	60.0	9.900
0.06192130	9.70	118.500	0.085	13.80	0.138	6.70	66.995	9.80	118.70	0.086	9.70	118.400	0.084	96.0	99.0	0.0	60.0	10.100
0.06203704	9.80	118.600	0.085	13.90	0.139	6.70	66.995	9.80	118.70	0.086	9.70	118.400	0.084	97.0	99.0	0.0	60.0	10.100
0.06215278	9.80	118.200	0.084	13.90	0.139	6.70	66.995	9.80	118.70	0.085	9.70	118.100	0.083	97.0	99.0	0.0	60.1	10.100
0.06226852	9.80	118.500	0.085	13.90	0.139	6.70	66.994	9.80	118.70	0.085	9.70	118.000	0.084	97.0	99.0	0.0	60.1	10.100
0.06238426	9.80	118.600	0.085	13.90	0.139	6.70	66.995	9.80	118.70	0.085	9.70	118.400	0.084	97.0	99.0	0.0	60.1	10.100
0.06250000	9.70	118.500	0.085	14.00	0.140	6.70	66.993	9.80	118.70	0.085	9.70	118.400	0.084	97.0	99.0	0.0	60.0	9.900
0.06261574	9.80	118.500	0.084	14.00	0.140	6.70	66.993	9.80	118.70	0.086	9.70	118.400	0.084	97.0	99.0	0.0	60.0	10.100
0.06273148	9.70	118.600	0.085	14.00	0.140	6.70	66.992	9.80	118.70	0.086	9.70	118.400	0.084	93.0	99.0	0.0	60.0	10.400
0.06284722	9.70	118.700	0.084	14.00	0.140	6.70	66.992	9.80	118.70	0.086	9.70	118.500	0.084	96.0	99.0	0.0	59.9	10.100
0.06296296	9.80	118.700	0.085	14.10	0.141	6.70	66.991	9.80	118.70	0.086	9.70	118.400	0.084	97.0	99.0	0.0	60.0	10.100
0.06307870	9.70	118.400	0.085	14.10	0.141	6.70	66.991	9.80	118.70	0.086	9.70	118.100	0.084	96.0	99.0	0.0	60.0	10.100
0.06319444	9.70	118.400	0.085	14.10	0.141	6.70	66.990	9.80	118.50	0.086	9.70	118.300	0.084	96.0	99.0	0.0	60.0	10.100
0.06331019	9.70	118.400	0.086	14.10	0.141	6.70	66.989	9.80	118.60	0.086	9.70	118.300	0.084	97.0	99.0	0.0	59.9	9.900
0.06342593	9.70	118.600	0.085	14.20	0.142	6.70	66.989	9.80	118.60	0.086	9.70	118.300	0.084	96.0	99.0	0.0	59.9	10.100
0.06354167	9.80	118.600	0.085	14.20	0.142	6.70	66.990	9.80	118.60	0.086	9.70	118.400	0.084	97.0	99.0	0.0	59.9	10.100
0.06365741	9.70	118.600	0.085	14.20	0.142	6.70	66.988	9.80	118.70	0.086	9.70	118.300	0.084	96.0	99.0	0.0	60.0	10.100
0.06377315	9.80	118.500	0.085	14.20	0.142	6.70	66.988	9.80	118.70	0.086	9.70	118.400	0.084	98.0	99.0	0.0	59.9	9.900
0.06388889	9.70	118.600	0.085	14.30	0.143	6.70	66.987	9.80	118.70	0.086	9.70	118.400	0.084	96.0	99.0	0.0	60.0	10.100
0.06400463	9.80	118.600	0.085	14.30	0.143	6.70	66.987	9.80	118.70	0.086	9.70	118.400	0.084	97.0	99.0	0.0	60.0	10.100
0.06412037	9.80	118.700	0.085	14.30	0.143	6.70	66.986	9.80	118.70	0.086	9.70	118.500	0.084	97.0	99.0	0.0	60.0	10.100
0.06423611	9.70	118.600	0.085	14.40	0.144	6.70	66.986	9.80	118.70	0.086	9.70	118.400	0.084	96.0	99.0	0.0	59.9	10.100
0.06435185	9.80	118.400	0.085	14.40	0.144	6.70	66.985	9.80	118.70	0.086	9.70	118.400	0.084	97.0	99.0	0.0	60.0	10.100
0.06446759	9.70	118.500	0.085	14.40	0.144	6.70	66.985	9.80	118.60	0.086	9.70	118.400	0.084	96.0	99.0	0.0	60.0	10.100
0.06458333	9.80	118.500	0.085	14.40	0.144	6.70	66.984	9.80	118.60	0.086	9.70	118.400	0.084	94.0	99.0	0.0	59.9	10.400
0.06469907	9.70	118.500	0.085	14.50	0.145	6.70	66.985	9.80	118.60	0.086	9.70	118.000	0.084	96.0	99.0	0.0	60.0	10.100
0.06481481	9.80	118.400	0.085	14.50	0.145	6.70	66.983	9.80	118.50	0.086	9.70	118.300	0.084	94.0	99.0	0.0	59.9	10.400
0.06493056	9.70	118.500	0.085	14.50	0.145	6.70	66.982	9.80	118.60	0.086	9.70	118.200	0.084	96.0	99.0	0.0	60.0	10.100
0.06504630	9.70	118.600	0.085	14.50	0.145	6.70	66.982	9.80	118.70	0.086	9.70	118.400	0.084	97.0	99.0	0.0	60.1	9.900
0.06516204	9.80	118.600	0.085	14.60	0.146	6.70	66.981	9.80	118.70	0.086	9.70	118.300	0.084	97.0	99.0	0.0	60.1	10.100
0.06527778	9.80	118.600	0.084	14.60	0.146	6.70	66.981	9.80	118.70	0.086	9.70	118.400	0.084	97.0	99.0	0.0	60.1	10.100
0.06539352	9.80	118.500	0.084	14.60	0.146	6.70	66.982	9.80	118.70	0.086	9.70	118.400	0.084	97.0	99.0	0.0	60.1	10.100
0.06550926	9.80	118.500	0.085	14.60	0.146	6.70	66.980	9.80	118.70	0.086	9.70	118.400	0.084	97.0	99.0	0.0	60.1	10.100
0.06562500	9.80	118.600	0.085	14.70	0.147	6.70	66.979	9.80	118.70	0.086	9.70	118.400	0.084	97.0	99.0	0.0	60.1	10.100
0.06574074	9.70	118.600	0.085	14.70	0.147	6.70	66.980	9.80	118.70	0.086	9.70	118.400	0.084	96.0	99.0	0.0	60.1	10.100
0.06585648	9.70	118.500	0.085	14.70	0.147	6.70	66.979	9.80	118.70	0.086	9.70	118.400	0.084	96.0	99.0	0.0	60.1	10.100
0.06597222	9.70	118.700	0.084	14.70	0.147	6.70	66.978	9.80	118.70	0.086	9.70	118.400	0.084	96.0	99.0	0.0	60.1	10.100
0.06608796	9.70	118.500	0.085	14.80	0.148	6.70	66.978	9.80	118.70	0.086	9.70	118.100	0.084	96.0	99.0	0.0	60.1	10.100
0.06620370	9.70	118.500	0.084	14.80	0.148	6.70	66.977	9.80	118.60	0.086	9.70	118.300	0.084	96.0	99.0	0.0	60.1	10.100
0.06631944	9.70	118.500	0.085	14.80	0.148	6.70	66.976	9.80	118.60	0.086	9.70	118.400	0.084	96.0	99.0	0.0	60.1	10.100
0.06643519	9.80	118.500	0.085	14.80	0.148	6.70	66.976	9.80	118.60	0.086	9.70	118.200	0.084	97.0	99.0	0.0	60.1	10.100
0.06655093	9.80	118.600	0.085	14.90	0.149	6.70	66.975	9.80	118.70	0.086	9.70	118.400	0.084	97.0	99.0	0.0	60.1	10.100
0.06666667	9.80	118.600	0.085	14.90	0.149	6.70	66.975	9.80	118.70	0.086	9.70	118.400	0.084	97.0	99.0	0.0	60.1	10.100
0.06678241	9.80	118.500	0.086	14.90	0.149	6.70	66.974	9.80	118.60	0.086	9.70	118.400	0.084	97.0	99.0	0.0	60.1	10.100
0.06689815	9.70	118.500	0.085	14.90	0.149	6.70	66.974	9.80	118.70	0.086	9.70	118.500	0.084	96.0	99.0	0.0	60.1	10.100
0.06701389	9.70	118.500	0.085	15.00	0.150	6.70	66.973	9.80	118.60	0.086	9.70	118.400	0.084	96.0	99.0	0.0	60.1	10.100
0.06712963	9.70	118.500	0.085	15.00	0.150	6.70	66.974	9.80	118.60	0.086	9.70	118.300	0.084	96.0	99.0	0.0	60.0	10.100
0.06724537	9.80	118.500	0.085	15.00	0.150	6.70	66.972	9.80	118.70	0.086	9.70	118.400	0.084	97.0	99.0	0.0	60.0	10.100
0.06736111	9.70	118.500	0.085	15.00	0.150	6.70	66.972	9.80	118.60	0.086	9.70	118.000	0.084	96.0	99.0	0.0	60.0	10.100
0.06747685	9.70	118.400	0.085	15.10	0.151	6.70	66.972	9.80	118.50	0.086	9.70	118.200	0.084	93.0	99.0	0.0	60.0	10.400
0.06759259	9.80	118.500	0.085	15.10	0.151	6.70	66.970	9.80	118.50	0.086	9.70	118.300	0.084	97.0	99.0	0.0	60.0	10.100
0.06770833	9.70	118.600	0.085	15.10	0.151	6.70	66.970	9.80	118.60	0.086	9.70	118.200	0.084	96.0	99.0	0.0	60.1	10.100
0.06782407	9.80	118.600	0.085	15.10	0.151	6.70	66.969	9.80	118.70	0.086	9.70	118.400	0.084	97.0	99.0	0.0	60.1	10.100
0.06793981	9.70	118.600	0.085	15.20	0.152	6.70	66.969	9.80	118.70	0.086	9.70	118.400	0.084	97.0	99.0	0.0	60.1	9.900
0.06805556	9.70	118.500	0.085	15.20	0.152	6.70	66.969	9.80	118.70	0.086	9.70	118.400	0.084	96.0	99.0	0.0	60.1	10.100
0.06817130	9.80	118.600	0.085	15.20	0.152	6.70	66.968	9.80	118.60	0.086	9.70	118.400	0.084	97.0	99.0	0.0	60.1	10.100
0.06828704	9.70	118.500	0.084	15.30	0.153	6.70	66.968	9.80	118.60	0.086	9.70	118.400	0.084	97.0	99.0	0.0	60.1	9.900
0.06840278	9.70	118.600	0.085	15.30	0.153	6.70	66.968	9.80	118.70	0.086	9.70	118.400	0.084	96.0	99.0	0.0	60.0	10.100
0.06851852	9.70	118.500	0.085	15.30	0.153	6.70	66.967	9.80	118.70	0.086	9.70	118.100	0.084	93.0	99.0	0.0	60.0	10.400
0.06863426	9.80	118.400	0.085	15.30	0.153	6.70	66.967	9.80	118.50	0.086	9.70	118.200	0.084	97.0	99.0	0.0	59.9	10.100
0.06875000	9.70	118.500	0.085	15.40	0.154	6.70	66.967	9.80	118.50	0.086	9.70	118.300	0.084	96.0	99.0	0.0	60.0	10.100
0.06886574	9.80	118.400	0.085	15.40	0.154	6.70	66.967	9.80	118.50	0.085	9.70	118.300	0.084	97.0	99.0	0.0	60.0	10.100
0.06898148	9.80	118.500	0.086	15.40	0.154	6.70	66.965	9.80	118.60	0.086	9.70	118.200	0.084	97.0	99.0	0.0	60.0	10.100
0.06909722	9.80	118.400	0.085	15.40	0.154	6.70	66.965	9.80	118.60	0.086	9.70	118.300	0.084	97.0	99.0	0.0	60.0	10.100
0.06921296	9.80	118.500	0.084	15.50	0.155	6.70	66.964	9.80	118.60	0.086	9.70	118.300	0.084	97.0	99.0	0.0	60.0	10.100
0.06932870	9.70	118.600	0.085	15.50	0.155	6.70	66.964	9.80	118.60	0.085	9.70	118.300	0.084	96.0	99.0	0.0	60.0	10.100
0.06944444	9.70	118.500	0.085	15.50	0.155	6.70	66.963	9.80	118.60	0.086	9.70	118.400	0.084	96.0	99.0	0.0	60.0	10.100
0.06956019	9.70	118.100	0.085	15.50	0.155	6.70	66.963	9.80	118.60	0.086	9.70	118.000	0.084	96.0	99.0	0.0	60.0	10.100
0.06967593	9.80	118.600	0.086	15.60	0.156	6.70	66.963	9.80	118.70	0.086	9.70	118.100	0.084	97.0	99.0	0.0	60.0	10.100
0.06979167	9.80	118.500	0.085	15.60	0.156	6.70	66.962	9.80	118.60	0.086	9.70	118.400	0.084	97.0	99.0	0.0	59.9	10.100
0.06990741	9.80	118.500	0.085	15.60	0.156	6.70	66.963	9.80	118.60	0.086	9.70	118.400	0.084	97.0	99.0	0.0	60.0	10.100
0.07002315	9.80	118.600	0.085	15.60	0.156	6.70	66.962	9.80	118.60	0.086	9.70	118.400	0.084	97.0	99.0	0.0	60.0	10.100
0.07013889	9.70	118.600	0.085	15.70	0.157	6.70	66.962	9.80	118.60	0.086	9.70	118.400	0.084	96.0	99.0	0.0	60.0	10.100
0.07025463	9.70	118.500	0.084	15.70	0.157	6.70	66.960	9.80	118.60	0.086	9.70	118.300	0.084	96.0	99.0	0.0	60.0	10.100
0.07037037	9.70	118.500	0.085	15.70	0.157	6.70	66.960	9.80	118.60	0.086	9.70	118.400	0.084	96.0	99.0	0.0	60.0	10.100
0.07048611	9.80	118.700	0.085	15.70	0.157	6.70	66.961	9.80	118.70	0.086	9.70	118.400	0.084	97.0	99.0	0.0	60.0	10.100
0.07060185	9.70	118.200	0.084	15.80	0.158	6.70	66.959	9.80	118.70	0.086	9.70	118.200	0.084	96.0	99.0	0.0	60.0	10.100
0.07071759	9.70	118.400	0.085	15.80	0.158	6.70	66.959	9.80	118.60	0.086	9.70	118.200	0.084	96.0	99.0	0.0	60.0	10.100
0.07083333	9.70	118.500	0.084	15.80	0.158	6.70	66.958	9.80	118.60	0.086	9.70	118.300	0.084	96.0	99.0	0.0	60.0	10.100
0.07094907	9.70	118.500	0.085	15.80	0.158	6.70	66.958	9.80	118.60	0.086	9.70	118.200	0.084	96.0	99.0	0.0	60.1	10.100
0.07106481	9.70	118.600	0.085	15.90	0.159	6.70	66.957	9.80	118.70	0.086	9.70	118.400	0.084	96.0	99.0	0.0	60.1	10.100
0.07118056	9.80	118.600	0.085	15.90	0.159	6.70	66.957	9.80	118.70	0.086	9.70	118.300	0.084	98.0	99.0	0.0	60.1	9.900